vn -0.5418 0.5287 0.6534
vn -0.5463 0.4981 0.6734
vn -0.4397 0.5329 0.7230
vn -0.6460 0.5592 0.5196
vn -0.6338 0.5415 0.5524
vn -0.5325 0.5870 0.6098
vn -0.5631 0.7344 0.3790
vn -0.5774 0.6908 0.4352
vn -0.5949 0.6740 0.4381
vn -0.6172 0.5346 0.5772
vn -0.6718 0.5057 0.5412
vn -0.1957 0.3199 0.9270
vn -0.5500 0.6296 0.5487
vn -0.5911 0.5390 0.6001
vn -0.5900 0.5647 0.5771
vn -0.4739 0.7576 0.4489
vn -0.4464 0.7661 0.4625
vn -0.4780 0.7259 0.4946
vn -0.6671 0.4518 0.5923
vn -0.8551 0.1470 0.4971
vn -0.8530 0.1692 0.4936
vn -0.8256 0.2533 0.5041
vn -0.5774 0.5886 0.5658
vn -0.5982 0.5451 0.5874
vn -0.6229 0.5690 0.5369
vn -0.5703 0.5358 0.6226
vn -0.5306 0.6019 0.5968
vn -0.8234 0.3162 0.4712
vn -0.8203 0.2023 0.5350
vn -0.8505 0.2903 0.4387
vn -0.4128 0.7805 0.4696
vn -0.3775 0.8235 0.4235
vn -0.4488 0.7967 0.4047
vn -0.4499 0.5584 0.6970
vn -0.4917 0.5178 0.7001
vn -0.4817 0.5051 0.7161
vn -0.6017 0.5256 0.6013
vn -0.6134 0.6132 0.4978
vn -0.6836 0.5262 0.5058
vn -0.6763 0.4715 0.5660
vn -0.6587 0.5137 0.5497
vn -0.0001 -0.1933 0.9811
vn 0.0290 -0.0444 0.9986
vn -0.0061 -0.0770 0.9970
vn -0.8776 0.0948 0.4700
vn -0.8558 0.1960 0.4786
vn -0.9036 0.0851 0.4199
vn -0.4639 0.7528 0.4670
vn -0.4383 0.7770 0.4519
vn -0.4703 0.7294 0.4968
vn -0.5903 0.4528 0.6682
vn -0.6970 0.4122 0.5868
vn -0.6528 0.4156 0.6333
vn -0.6155 0.6599 0.4309
vn -0.6425 0.6181 0.4530
vn -0.2275 0.6565 0.7192
vn -0.5384 0.5384 0.6483
vn -0.4251 0.5692 0.7038
vn -0.7186 0.3993 0.5694
vn -0.6503 0.4490 0.6128
vn -0.4044 0.5563 0.7259
vn -0.3401 0.6346 0.6939
vn -0.3334 0.5801 0.7432
vn -0.4877 0.7418 0.4604
vn -0.5473 0.7516 0.3683
vn -0.5291 0.6508 0.5446
vn -0.8879 0.3820 0.2565
vn -0.7418 0.5422 0.3947
vn -0.8287 0.4501 0.3327
vn -0.6817 0.3470 0.6441
vn -0.7367 0.3987 0.5462
vn -0.6606 0.4094 0.6293
vn -0.3872 0.7501 0.5361
vn -0.4089 0.7456 0.5262
vn -0.3837 0.7607 0.5236
vn -0.7235 0.4466 0.5264
vn -0.6841 0.5428 0.4871
vn -0.6346 0.4362 0.6380
vn -0.8329 0.2774 0.4790
vn -0.5446 0.6893 0.4778
vn -0.7557 0.4235 0.4995
vn -0.7991 0.3626 0.4794
vn -0.6835 0.4622 0.5649
vn 0.2328 0.1783 0.9560
vn 0.1099 0.0058 0.9939
vn 0.3178 0.1693 0.9329
vn -0.6114 0.6029 0.5126
vn -0.7420 0.5020 0.4443
vn -0.6721 0.5229 0.5243
vn -0.4623 0.6843 0.5639
vn -0.3864 0.6698 0.6340
vn -0.4817 0.7599 0.4365
vn -0.4404 0.8077 0.3920
vn -0.4372 0.8620 0.2565
vn -0.6653 0.5289 0.5269
vn -0.6610 0.5118 0.5487
vn -0.6147 0.7011 0.3613
vn -0.6397 0.5860 0.4975
vn -0.5535 0.5448 0.6299
vn -0.7037 0.5615 0.4353
vn -0.6153 0.5769 0.5373
vn -0.5509 0.5139 0.6576
vn -0.5133 0.5966 0.6169
vn -0.8921 0.0988 0.4410
vn -0.9150 0.0834 0.3947
vn -0.9183 0.0720 0.3892
vn -0.7381 0.5571 0.3806
vn -0.5151 0.5949 0.6170
vn -0.4576 0.5945 0.6612
vn -0.7232 0.5062 0.4698
vn -0.8484 0.2302 0.4767
vn -0.8362 0.1153 0.5362
vn -0.8300 0.1636 0.5332
vn -0.6171 -0.3051 0.7254
vn -0.6676 -0.2725 0.6928
vn -0.7652 -0.3563 0.5362
vn -0.8892 0.1538 0.4309
vn -0.8691 0.1961 0.4541
vn -0.8808 0.2043 0.4271
vn -0.4256 0.5708 0.7022
vn -0.6752 0.4894 0.5519
vn -0.8455 0.1602 0.5094
vn -0.7823 0.4492 0.4316
vn -0.7519 0.5606 0.3470
vn 0.5388 0.4954 0.6813
vn 0.6418 0.3835 0.6641
vn 0.6166 0.4752 0.6277
vn 0.2604 0.4101 0.8741
vn 0.2152 0.2588 0.9417
vn 0.2961 0.3819 0.8755
vn 0.4210 -0.5959 0.6839
vn 0.2252 -0.6855 0.6924
vn 0.2716 -0.2953 0.9160
vn 0.7229 0.4019 0.5620
vn 0.6662 0.4703 0.5788
vn 0.7146 0.5351 0.4505
vn -0.8356 0.3438 0.4285
vn -0.9071 0.0607 0.4165
vn 0.6489 0.4601 0.6061
vn 0.4458 0.2630 0.8556
vn 0.3401 0.5934 0.7295
vn 0.6033 0.5219 0.6030
vn 0.5982 0.6591 0.4558
vn 0.6587 0.6026 0.4504
vn -0.7434 0.5259 0.4133
vn -0.8245 0.3701 0.4281
vn -0.8326 0.3600 0.4209
vn -0.8228 0.3588 0.4408
vn 0.5999 0.6312 0.4917
vn 0.6733 0.4044 0.6190
vn -0.7211 0.4177 0.5528
vn -0.7284 0.4725 0.4961
vn -0.7414 0.4039 0.5360
vn 0.1974 -0.0303 0.9799
vn 0.2626 -0.0086 0.9649
vn 0.3857 -0.0326 0.9221
vn -0.6850 0.0121 0.7284
vn -0.8088 0.2463 0.5341
vn -0.7861 -0.0609 0.6150
vn -0.6885 0.3793 0.6182
vn 0.5591 0.6070 0.5648
vn 0.6615 0.5754 0.4810
vn 0.5512 0.6567 0.5146
vn 0.5826 0.5259 0.6197
vn 0.7472 0.3800 0.5452
vn 0.7065 0.4506 0.5457
vn 0.7195 0.3627 0.5923
vn -0.9139 -0.0031 0.4060
vn -0.9281 -0.0184 0.3718
vn -0.9120 0.0282 0.4093
vn 0.6845 0.3184 0.6558
vn -0.7148 0.2730 0.6438
vn -0.8661 0.1492 0.4770
vn -0.8471 0.2157 0.4856
vn 0.4375 0.5319 0.7251
vn 0.5278 0.5696 0.6301
vn 0.1851 0.6038 0.7753
vn -0.3673 -0.5234 0.7689
vn -0.1000 -0.5659 0.8184
vn -0.1862 -0.4093 0.8932
vn -0.8009 0.2340 0.5512
vn -0.5794 0.5939 0.5582
vn -0.8697 0.2392 0.4317
vn -0.8243 0.1997 0.5297
vn -0.8818 0.1879 0.4326
vn -0.7695 0.4423 0.4606
vn -0.8090 0.3825 0.4463
vn -0.6476 0.3584 0.6724
vn -0.8021 0.2980 0.5176
vn -0.4383 0.8427 0.3126
vn -0.8939 0.4431 0.0677
vn -0.7928 0.3961 0.4632
vn -0.8325 0.4049 0.3781
vn -0.7915 0.2756 0.5455
vn -0.5334 0.6098 0.5862
vn -0.6076 0.5792 0.5434
vn -0.5251 0.5650 0.6364
vn -0.9176 0.1435 0.3708
vn -0.9101 0.2198 0.3514
vn -0.8837 0.1932 0.4264
vn -0.8350 0.2684 0.4804
vn -0.8449 0.3259 0.4241
vn -0.8596 0.2990 0.4145
vn 0.8824 0.2186 0.4165
vn 0.9003 0.2163 0.3776
vn 0.8757 0.2284 0.4254
vn -0.7062 0.3833 0.5953
vn -0.5788 0.4585 0.6744
vn -0.6383 0.4128 0.6498
vn -0.3609 0.4741 0.8031
vn -0.0158 0.3097 0.9507
vn -0.2889 0.0158 0.9572
vn -0.9125 0.0769 0.4018
vn 0.8869 0.1966 0.4180
vn 0.8874 0.1726 0.4275
vn 0.8942 0.2267 0.3860
vn -0.9317 0.0363 0.3614
vn 0.5627 0.6328 0.5319
vn 0.5955 0.5318 0.6021
vn -0.3775 0.5792 0.7225
vn -0.4337 0.6167 0.6569
vn -0.4780 0.5370 0.6951
vn -0.6330 0.5395 0.5552
vn -0.8676 0.2215 0.4452
vn -0.8640 0.2604 0.4308
vn -0.7857 0.2195 0.5783
vn 0.4928 0.4177 0.7633
vn 0.5745 0.4495 0.6840
vn 0.4434 0.3891 0.8075
vn -0.7603 0.5089 0.4036
vn -0.5264 0.4898 0.6950
vn 0.2273 0.0258 0.9735
vn 0.0079 0.0684 0.9976
vn -0.0636 -0.1530 0.9862
vn 0.2297 0.0977 0.9683
vn 0.1159 0.1166 0.9864
vn -0.0613 -0.0629 0.9961
vn 0.5879 0.6456 0.4874
vn 0.5774 0.6549 0.4876
vn 0.5925 0.6414 0.4875
vn -0.7731 0.2982 0.5597
vn -0.7075 0.3428 0.6180
vn -0.7747 -0.0796 0.6273
vn -0.9639 0.1937 0.1825
vn 0.4578 0.7926 0.4027
vn 0.4632 0.7910 0.3997
vn 0.4875 0.7446 0.4560
vn 0.1702 0.0831 0.9819
vn 0.0641 0.2432 0.9679
vn -0.0825 0.2058 0.9751
vn 0.9277 0.1697 0.3326
vn 0.9271 0.1486 0.3440
vn 0.8885 0.2388 0.3917
vn 0.9309 0.1419 0.3366
vn 0.9134 0.1879 0.3611
vn 0.8601 0.3308 0.3883
vn 0.8239 0.4762 0.3073
vn 0.7933 0.4903 0.3611
vn 0.8268 0.4383 0.3525
vn 0.6600 0.3726 0.6524
vn 0.6041 0.5048 0.6166
vn 0.5470 0.5079 0.6654
vn -0.4786 0.6392 0.6019
vn 0.4745 0.7761 0.4153
vn 0.5394 0.6832 0.4922
vn -0.3013 0.6360 0.7104
vn -0.2655 0.6620 0.7009
vn -0.2970 0.6040 0.7395
vn -0.7531 0.4093 0.5151
vn -0.7828 0.3795 0.4932
vn -0.6245 0.4496 0.6387
vn -0.5863 0.5290 0.6136
vn -0.5974 0.3332 0.7294
vn -0.6300 0.4096 0.6598
vn -0.9016 0.0443 0.4302
vn -0.9265 -0.0129 0.3761
vn -0.5689 0.4833 0.6654
vn 0.8587 0.4992 0.1158
vn 0.7704 0.6268 0.1168
vn 0.8863 0.4325 0.1658
vn 0.4520 -0.1728 0.8751
vn 0.3595 -0.0473 0.9319
vn 0.7425 0.3504 0.5708
vn -0.9367 -0.0348 0.3483
vn -0.7798 0.2559 0.5714
vn -0.8250 0.1990 0.5289
vn -0.8429 0.1706 0.5103
vn 0.9328 0.1319 0.3355
vn 0.8331 0.2669 0.4845
vn 0.7681 0.3418 0.5415
vn 0.8527 0.1926 0.4856
vn 0.7998 0.2818 0.5300
vn -0.3701 -0.2111 0.9047
vn -0.0174 -0.3659 0.9305
vn -0.2708 -0.1412 0.9522
vn -0.3835 0.7918 0.4754
vn -0.6857 0.5351 0.4935
vn 0.5406 0.5346 0.6496
vn 0.2342 0.6320 0.7387
vn 0.5173 0.5462 0.6588
vn -0.0443 0.5536 0.8316
vn -0.3814 0.4907 0.7834
vn -0.1019 0.0159 0.9947
vn -0.1280 0.1868 0.9740
vn 0.0500 0.1224 0.9912
vn -0.9121 0.0841 0.4013
vn -0.9118 0.1291 0.3897
vn -0.2113 0.2503 0.9448
vn -0.2570 0.3545 0.8991
vn -0.2784 0.4799 0.8320
vn 0.8946 0.2188 0.3896
vn 0.8774 0.2172 0.4278
vn 0.9097 0.2675 0.3175
vn 0.8829 0.3402 0.3237
vn 0.3281 0.2979 0.8965
vn -0.0177 0.0006 0.9998
vn 0.4646 0.5964 0.6546
vn 0.4701 0.6876 0.5533
vn 0.4232 0.7076 0.5658
vn -0.7810 0.4215 0.4608
vn -0.4066 0.7087 0.5766
vn -0.3532 0.7099 0.6093
vn -0.6835 0.2367 0.6905
vn -0.9039 0.0803 0.4201
vn -0.9038 0.1231 0.4098
vn -0.8964 0.1236 0.4257
vn 0.3044 0.1711 0.9370
vn 0.4049 0.3580 0.8413
vn 0.3983 0.5056 0.7653
vn -0.6618 0.2775 0.6964
vn 0.4732 0.7852 0.3994
vn 0.4938 0.7852 0.3737
vn -0.9085 0.1917 0.3714
vn -0.8841 0.2072 0.4189
vn 0.4618 0.7135 0.5270
vn 0.5211 0.6783 0.5181
vn -0.8083 0.4314 0.4006
vn 0.9203 0.0060 0.3911
vn 0.9311 0.1094 0.3479
vn 0.9506 0.0033 0.3105
vn -0.8517 0.2417 0.4649
vn -0.8347 0.1587 0.5274
vn -0.8733 0.2359 0.4262
vn 0.8683 0.1637 0.4683
vn 0.0115 0.4217 0.9067
vn -0.0518 0.3721 0.9268
vn 0.0010 0.3468 0.9379
vn -0.9849 0.1719 -0.0195
vn -0.8736 0.2515 0.4167
vn -0.8448 0.2316 0.4824
vn 0.8897 0.0686 0.4514
vn 0.8829 0.1310 0.4508
vn 0.8826 0.0978 0.4599
vn 0.0945 -0.0578 0.9938
vn 0.1486 0.1063 0.9832
vn 0.0895 -0.0149 0.9959
vn -0.7713 0.4146 0.4829
vn -0.7966 0.2490 0.5508
vn -0.3694 0.6607 0.6534
vn -0.2773 0.6136 0.7393
vn -0.2863 0.5836 0.7599
vn -0.8046 0.0528 0.5914
vn -0.9783 -0.0151 0.2069
vn 0.9067 0.2601 0.3321
vn 0.8745 0.1649 0.4561
vn 0.1721 0.2084 0.9628
vn 0.7308 0.0532 0.6806
vn 0.4675 0.5050 0.7255
vn 0.3863 0.6386 0.6656
vn 0.3506 0.5843 0.7320
vn 0.4651 0.5645 0.6819
vn -0.8424 0.1617 0.5140
vn 0.4051 0.7948 0.4519
vn 0.4451 0.7991 0.4040
vn 0.3696 0.8496 0.3763
vn -0.8896 0.2259 0.3969
vn -0.9086 0.2666 0.3216
vn -0.9094 0.1810 0.3745
vn 0.3700 0.3376 0.8655
vn 0.3530 0.4566 0.8167
vn 0.2615 0.4391 0.8595
vn 0.7431 0.1486 0.6525
vn 0.4739 -0.1830 0.8613
vn -0.2657 0.7240 0.6366
vn -0.5594 0.3933 0.7297
vn -0.5486 0.2820 0.7871
vn -0.7013 0.3956 0.5930
vn -0.5161 0.5870 0.6237
vn -0.3593 0.5631 0.7442
vn 0.8421 0.2201 0.4924
vn 0.8571 0.1943 0.4771
vn -0.7676 0.2195 0.6022
vn -0.8179 0.1061 0.5655
vn 0.2401 0.4007 0.8842
vn 0.3822 0.2566 0.8877
vn 0.1223 0.0852 0.9888
vn 0.3193 0.2469 0.9149
vn -0.3334 0.8167 0.4709
vn -0.2607 0.8706 0.4173
vn -0.3017 0.8558 0.4202
vn 0.2155 0.3676 0.9047
vn 0.3969 0.5829 0.7091
vn 0.3255 0.4544 0.8292
vn 0.3363 0.2736 0.9011
vn 0.3833 0.2730 0.8824
vn 0.4474 0.4224 0.7883
vn 0.1093 0.0497 0.9928
vn 0.9109 0.1443 0.3866
vn 0.8746 0.1339 0.4660
vn 0.9187 0.1025 0.3814
vn -0.4502 0.3443 0.8239
vn -0.5572 0.2153 0.8020
vn 0.4172 0.6310 0.6540
vn 0.0962 0.3952 0.9135
vn 0.0045 0.3843 0.9232
vn 0.0386 0.3888 0.9205
vn 0.1073 0.4811 0.8701
vn 0.0456 0.4387 0.8975
vn 0.1054 0.4280 0.8976
vn -0.6649 0.3412 0.6645
vn -0.6398 0.3413 0.6886
vn -0.7361 0.3554 0.5761
vn 0.8507 0.2836 0.4426
vn 0.8787 0.2149 0.4263
vn -0.7840 0.3409 0.5188
vn 0.2814 0.6663 0.6905
vn 0.0157 0.7158 0.6981
vn -0.0644 0.6503 0.7569
vn -0.0629 0.3023 0.9511
vn -0.1367 -0.0273 0.9902
vn 0.1552 -0.0022 0.9879
vn -0.8849 0.0834 0.4583
vn -0.8908 0.1324 0.4347
vn -0.5234 -0.0463 0.8508
vn -0.6250 0.1400 0.7680
vn 0.0643 -0.0078 0.9979
vn -0.0025 -0.1465 0.9892
vn -0.1476 0.0536 0.9876
vn 0.6912 0.3296 0.6431
vn 0.7410 0.2242 0.6329
vn 0.6870 0.2555 0.6803
vn 0.5853 0.1534 0.7962
vn 0.5779 0.4737 0.6646
vn 0.8009 0.1343 0.5836
vn -0.9013 0.1719 0.3976
vn -0.9083 0.2417 0.3414
vn -0.9371 -0.0407 0.3468
vn -0.8694 0.2890 0.4007
vn -0.8671 0.2794 0.4125
vn -0.8657 0.2723 0.4200
vn -0.8121 0.1869 0.5528
vn -0.7249 0.2028 0.6583
vn 0.6524 0.4062 0.6398
vn 0.4703 0.3591 0.8061
vn 0.6132 0.1645 0.7726
vn -0.5014 0.1725 0.8478
vn -0.5177 0.1994 0.8320
vn -0.5973 0.2223 0.7706
vn 0.8058 0.2191 0.5502
vn 0.8142 0.3603 0.4554
vn 0.8655 0.2762 0.4179
vn -0.9220 -0.0608 0.3823
vn -0.9344 -0.0163 0.3558
vn -0.9316 -0.0361 0.3617
vn 0.9544 0.0974 0.2821
vn 0.9479 0.1025 0.3015
vn 0.9357 0.0840 0.3427
vn -0.1062 -0.4314 0.8959
vn -0.2481 -0.2880 0.9249
vn -0.0870 -0.1679 0.9820
vn 0.4787 0.3926 0.7853
vn 0.4632 0.2483 0.8507
vn 0.3228 0.3181 0.8914
vn -0.9068 0.0622 0.4170
vn -0.7615 0.2681 0.5902
vn -0.7641 0.3265 0.5564
vn 0.3601 0.5212 0.7737
vn 0.3444 0.6379 0.6889
vn 0.3856 0.6997 0.6014
vn 0.3292 0.7426 0.5833
vn 0.2376 -0.4633 0.8538
vn 0.1333 -0.3557 0.9251
vn 0.9285 0.1111 0.3543
vn 0.8798 0.1007 0.4646
vn 0.1343 0.4707 0.8720
vn 0.1992 0.5395 0.8181
vn 0.1831 0.3796 0.9068
vn -0.8710 0.0752 0.4855
vn -0.8647 0.1489 0.4798
vn -0.8406 0.0836 0.5352
vn 0.2838 0.5077 0.8134
vn -0.1137 0.3906 0.9135
vn 0.2242 0.3741 0.8999
vn 0.8452 0.4533 0.2830
vn -0.2464 0.5783 0.7777
vn -0.2033 0.5456 0.8130
vn -0.1790 0.4775 0.8602
vn -0.2643 0.6098 0.7472
vn -0.2168 0.5203 0.8260
vn -0.2605 0.5503 0.7933
vn -0.7580 -0.0304 0.6516
vn -0.7242 0.0833 0.6845
vn -0.8120 0.3750 0.4472
vn 0.5213 -0.0084 0.8533
vn 0.4920 0.3205 0.8095
vn 0.5015 0.2104 0.8392
vn 0.4393 0.2204 0.8709
vn -0.4152 0.1869 0.8903
vn -0.5441 0.0732 0.8358
vn -0.4987 0.3492 0.7933
vn -0.2579 0.8779 0.4036
vn -0.2769 0.8765 0.3938
vn -0.2966 0.8105 0.5051
vn 0.3304 0.0651 0.9416
vn 0.2897 -0.0760 0.9541
vn -0.7353 0.1642 0.6576
vn 0.6609 0.0855 0.7456
vn 0.6120 0.2789 0.7400
vn 0.6987 0.2814 0.6577
vn -0.2627 -0.1740 0.9490
vn -0.0111 -0.1303 0.9914
vn 0.2436 -0.4998 0.8312
vn -0.1502 -0.6405 0.7531
vn -0.3491 -0.5543 0.7556
vn -0.2695 -0.5095 0.8172
vn 0.7288 0.4054 0.5519
vn 0.7064 0.4472 0.5486
vn 0.7215 0.4270 0.5451
vn -0.4058 0.6341 0.6582
vn -0.8708 0.1839 0.4561
vn -0.8810 0.1488 0.4492
vn -0.8638 -0.0103 0.5037
vn -0.0310 -0.2606 0.9650
vn -0.2865 -0.2545 0.9237
vn -0.2004 -0.2484 0.9477
vn 0.9167 0.0893 0.3895
vn 0.9174 0.0570 0.3939
vn 0.8989 0.1094 0.4243
vn -0.8435 0.1423 0.5180
vn -0.6867 0.3815 0.6188
vn 0.8542 0.2711 0.4437
vn 0.8400 0.3333 0.4282
vn 0.8220 0.4537 0.3443
vn 0.3325 0.1997 0.9217
vn 0.2605 0.2606 0.9296
vn 0.6425 0.5263 0.5570
vn 0.5480 0.5835 0.5993
vn -0.0089 0.3964 0.9180
vn 0.0058 0.3884 0.9215
vn -0.0267 0.2388 0.9707
vn 0.7348 0.3063 0.6052
vn 0.0169 -0.6383 0.7696
vn 0.4417 -0.0554 0.8954
vn 0.2629 0.0604 0.9629
vn 0.2097 -0.3865 0.8982
vn -0.8589 0.1797 0.4796
vn 0.6323 0.3417 0.6953
vn 0.6318 0.2329 0.7393
vn 0.7427 0.2366 0.6264
vn 0.6989 0.4200 0.5790
vn 0.6417 0.4443 0.6251
vn 0.7352 0.3489 0.5811
vn 0.7725 0.3131 0.5524
vn 0.8710 0.2272 0.4356
vn 0.8680 0.2217 0.4443
vn 0.9011 0.2576 0.3487
vn 0.8699 0.1237 0.4774
vn 0.5080 0.3452 0.7892
vn 0.5798 0.3239 0.7476
vn 0.5487 0.3207 0.7721
vn -0.4239 0.1875 0.8861
vn -0.3043 0.4214 0.8543
vn 0.4060 0.5407 0.7367
vn 0.7109 0.5099 0.4844
vn 0.6743 0.5710 0.4683
vn 0.7157 0.5977 0.3612
vn -0.6321 0.4944 0.5966
vn 0.0170 0.0692 0.9975
vn 0.1166 -0.1112 0.9869
vn -0.4279 0.4302 0.7949
vn -0.3515 0.2995 0.8870
vn -0.3383 0.3146 0.8869
vn -0.1966 0.3085 0.9307
vn -0.0660 -0.0317 0.9973
vn -0.2824 0.1007 0.9540
vn 0.7286 0.3139 0.6087
vn -0.0146 0.3079 0.9513
vn -0.2073 0.2685 0.9407
vn -0.2429 0.2780 0.9294
vn -0.7276 -0.0185 0.6857
vn 0.5225 -0.2327 0.8203
vn 0.1139 -0.1480 0.9824
vn 0.2434 -0.3601 0.9006
vn 0.9200 -0.1628 0.3564
vn 0.9210 0.2573 0.2926
vn 0.8932 -0.2301 0.3864
vn 0.1025 -0.7079 0.6988
vn 0.0026 -0.5871 0.8095
vn 0.1072 -0.5505 0.8279
vn 0.6918 0.4630 0.5541
vn 0.5980 0.5276 0.6033
vn -0.6021 0.4273 0.6744
vn -0.6944 0.3394 0.6345
vn -0.6698 0.3291 0.6656
vn -0.5996 0.3701 0.7096
vn -0.3256 -0.8148 0.4796
vn -0.2380 -0.7453 0.6228
vn -0.3622 -0.6989 0.6167
vn 0.6748 0.5100 0.5334
vn -0.2487 0.2972 0.9219
vn -0.1306 0.1742 0.9760
vn 0.2280 -0.3080 0.9236
vn 0.1963 -0.3013 0.9331
vn -0.8702 0.2293 0.4361
vn 0.8144 0.2757 0.5107
vn 0.7468 0.3315 0.5766
vn 0.4919 0.6697 0.5564
vn -0.6582 -0.2195 0.7202
vn -0.6657 -0.0910 0.7406
vn -0.2745 0.6196 0.7354
vn -0.5014 0.5368 0.6786
vn 0.8874 0.1589 0.4328
vn 0.9212 0.1315 0.3663
vn 0.9430 0.0904 0.3203
vn -0.8550 0.0715 0.5137
vn 0.6714 0.5076 0.5400
vn 0.7977 0.2473 0.5500
vn 0.1649 0.1439 0.9758
vn 0.5126 -0.1290 0.8489
vn 0.2858 -0.1621 0.9445
vn -0.0154 -0.2857 0.9582
vn -0.1818 0.5696 0.8016
vn -0.1764 0.5571 0.8115
vn -0.1508 0.4756 0.8666
vn 0.3395 -0.2766 0.8990
vn 0.3524 0.0445 0.9348
vn 0.1682 -0.1293 0.9772
vn -0.1375 -0.7897 0.5979
vn -0.1937 -0.8402 0.5066
vn 0.9527 0.0535 0.2993
vn 0.9545 0.0536 0.2934
vn 0.9446 0.0428 0.3253
vn 0.1910 -0.4516 0.8715
vn 0.0421 -0.4406 0.8967
vn 0.1782 -0.2482 0.9522
vn -0.5421 0.2222 0.8104
vn -0.4699 0.1994 0.8599
vn -0.4806 0.2497 0.8407
vn -0.5799 0.6030 0.5478
vn 0.9711 0.1906 0.1437
vn 0.5014 0.1246 0.8562
vn 0.3328 -0.1879 0.9241
vn 0.1151 -0.2692 0.9562
vn 0.1145 -0.0909 0.9893
vn 0.2439 -0.1838 0.9522
vn -0.4204 0.5628 0.7117
vn 0.3998 0.5601 0.7255
vn 0.3953 0.6413 0.6577
vn -0.1696 -0.8043 0.5696
vn -0.1261 -0.7681 0.6278
vn 0.0659 -0.7497 0.6585
vn 0.8065 0.3839 0.4497
vn 0.7443 0.4074 0.5292
vn 0.7260 0.4014 0.5584
vn -0.3514 0.8887 0.2945
vn 0.5871 0.5120 0.6270
vn 0.5162 0.5081 0.6895
vn 0.4374 0.5892 0.6793
vn 0.1612 -0.8650 0.4752
vn 0.1735 -0.7057 0.6869
vn 0.2143 -0.7650 0.6073
vn -0.4068 0.2096 0.8891
vn -0.4686 0.3000 0.8309
vn -0.4397 0.1715 0.8816
vn -0.1221 0.6050 0.7868
vn 0.9658 0.0959 0.2407
vn 0.9384 0.0617 0.3401
vn 0.5949 0.2151 0.7745
vn 0.7128 0.1886 0.6756
vn 0.5325 0.5451 0.6475
vn 0.7935 0.3998 0.4588
vn 0.6930 0.2032 0.6917
vn 0.5828 0.3475 0.7346
vn 0.3237 -0.0239 0.9458
vn -0.1758 -0.1262 0.9763
vn 0.0099 -0.0719 0.9974
vn -0.1101 -0.2641 0.9582
vn -0.9993 0.0196 -0.0316
vn -0.3573 -0.4499 0.8185
vn -0.4321 -0.5284 0.7308
vn 0.0137 -0.0861 0.9962
vn 0.7846 -0.0396 0.6187
vn 0.8259 0.2052 0.5251
vn 0.8903 0.3114 0.3323
vn -0.9817 -0.0042 0.1905
vn 0.2691 -0.2753 0.9229
vn 0.1181 -0.3342 0.9351
vn 0.4040 -0.2097 0.8904
vn 0.0931 0.3909 0.9157
vn 0.1721 0.4984 0.8497
vn 0.2359 0.4338 0.8696
vn 0.9393 0.1236 0.3200
vn 0.9372 0.1127 0.3301
vn 0.9315 0.1108 0.3464
vn -0.6402 0.3462 0.6858
vn 0.4272 0.3454 0.8356
vn 0.7760 -0.0372 0.6296
vn 0.7016 -0.0272 0.7120
vn 0.7489 0.0167 0.6625
vn 0.4431 0.2940 0.8469
vn 0.9290 -0.1484 0.3391
vn 0.9415 0.0899 0.3249
vn 0.8272 -0.1891 0.5292
vn 0.2685 -0.0131 0.9632
vn -0.5106 0.2877 0.8103
vn -0.5626 0.1680 0.8095
vn -0.4422 0.2565 0.8595
vn 0.2954 0.5361 0.7907
vn 0.3748 0.6027 0.7044
vn 0.3571 0.5184 0.7770
vn -0.2531 0.2733 0.9280
vn -0.2112 0.4314 0.8771
vn 0.8504 0.4365 0.2938
vn 0.8334 0.3839 0.3975
vn 0.7892 0.5250 0.3187
vn 0.9524 0.0787 0.2944
vn -0.5489 0.2707 0.7909
vn -0.4896 0.2976 0.8196
vn -0.5622 0.2490 0.7886
vn -0.0533 0.3401 0.9389
vn -0.0543 -0.1458 0.9878
vn -0.1994 -0.0503 0.9786
vn -0.1142 -0.0694 0.9910
vn -0.9195 0.0289 0.3920
vn -0.4648 0.0668 0.8829
vn -0.4224 0.1598 0.8922
vn 0.4649 0.5335 0.7065
vn 0.5946 0.5064 0.6245
vn 0.4674 0.5428 0.6978
vn -0.8805 0.0124 0.4738
vn -0.8438 0.0835 0.5302
vn 0.7233 0.5058 0.4701
vn 0.6060 0.3768 0.7006
vn 0.7355 0.5282 0.4244
vn 0.2586 -0.8360 0.4841
vn 0.3206 -0.6337 0.7040
vn 0.0576 -0.8012 0.5956
vn 0.5432 0.2723 0.7943
vn 0.6288 0.2536 0.7350
vn -0.7831 0.2600 0.5650
vn -0.7740 0.2475 0.5828
vn 0.4217 0.1857 0.8875
vn -0.3467 0.3460 0.8718
vn 0.4942 0.6006 0.6285
vn 0.1249 0.5027 0.8554
vn 0.3469 0.2071 0.9147
vn 0.3708 0.5106 0.7758
vn 0.4261 -0.2885 0.8574
vn -0.0688 -0.6930 0.7177
vn 0.1190 -0.8448 0.5217
vn 0.2081 -0.6126 0.7625
vn 0.4631 0.3122 0.8295
vn 0.3768 0.2890 0.8800
vn 0.3852 0.3724 0.8444
vn 0.0338 0.5175 0.8550
vn -0.0420 0.4599 0.8870
vn 0.0694 0.5318 0.8441
vn 0.1531 0.1548 0.9760
vn -0.6528 0.1116 0.7493
vn -0.4839 0.3556 0.7996
vn -0.4004 0.5380 0.7418
vn -0.3564 0.5031 0.7873
vn 0.7203 0.4453 0.5318
vn -0.6320 0.2352 0.7384
vn 0.9345 0.0825 0.3463
vn 0.2600 0.2445 0.9341
vn 0.6471 0.5604 0.5169
vn -0.3301 0.6134 0.7174
vn 0.4830 0.3296 0.8112
vn -0.2906 -0.2582 0.9214
vn -0.1297 -0.1942 0.9724
vn 0.0318 -0.2910 0.9562
vn -0.1462 -0.2414 0.9594
vn 0.6233 0.5286 0.5763
vn 0.7183 0.5414 0.4370
vn 0.7218 0.4901 0.4887
vn -0.9111 0.1783 0.3717
vn -0.9095 0.1832 0.3731
vn 0.6032 -0.0613 0.7952
vn 0.5669 -0.1315 0.8132
vn 0.6207 -0.0700 0.7809
vn -0.3554 0.0571 0.9330
vn -0.6162 -0.1220 0.7781
vn 0.3553 -0.1961 0.9139
vn 0.5055 0.0356 0.8621
vn 0.6241 0.4452 0.6421
vn -0.5448 0.5391 0.6423
vn 0.1092 -0.2184 0.9697
vn 0.2271 0.3723 0.8999
vn -0.9028 0.1170 0.4137
vn -0.9103 0.0635 0.4090
vn -0.9026 0.1263 0.4116
vn -0.0211 -0.2863 0.9579
vn 0.1342 -0.0711 0.9884
vn 0.8098 0.4792 0.3386
vn -0.0959 -0.0127 0.9953
vn 0.0635 0.1810 0.9814
vn 0.0766 0.2968 0.9519
vn 0.0783 0.1726 0.9819
vn 0.2954 0.4219 0.8572
vn 0.3323 0.3698 0.8677
vn 0.3854 0.3862 0.8380
vn -0.8624 0.1429 0.4857
vn -0.9006 0.1264 0.4159
vn 0.7373 0.3757 0.5615
vn -0.5819 0.1162 0.8049
vn -0.6277 0.2014 0.7520
vn -0.4080 0.3369 0.8486
vn -0.2603 0.3600 0.8959
vn -0.3425 0.3266 0.8809
vn 0.8880 0.2485 0.3869
vn -0.9419 -0.0367 0.3340
vn -0.3026 -0.2300 0.9250
vn -0.8759 0.1850 0.4457
vn -0.9158 0.1364 0.3778
vn 0.7359 0.4948 0.4622
vn -0.7521 -0.1135 0.6492
vn -0.7479 -0.1306 0.6508
vn -0.7774 -0.2191 0.5896
vn -0.4240 0.2934 0.8568
vn -0.3840 0.2031 0.9007
vn -0.2882 0.4280 0.8566
vn -0.2686 0.4326 0.8606
vn -0.2745 0.4189 0.8655
vn 0.7934 0.3482 0.4993
vn 0.8387 0.2732 0.4711
vn 0.0613 0.1087 0.9922
vn -0.3580 0.3608 0.8612
vn -0.3581 0.4671 0.8084
vn -0.3575 0.4709 0.8065
vn 0.8005 0.1657 0.5760
vn 0.8676 0.1156 0.4837
vn -0.8898 0.1387 0.4348
vn 0.8787 0.1596 0.4500
vn 0.9192 0.1687 0.3559
vn -0.4980 0.2833 0.8196
vn -0.7858 0.1117 0.6083
vn -0.8546 0.1148 0.5064
vn 0.3374 0.5537 0.7613
vn 0.1290 -0.6530 0.7463
vn -0.3807 -0.7480 0.5437
vn -0.3884 -0.6370 0.6658
vn -0.8881 0.1968 0.4154
vn 0.9359 0.1241 0.3296
vn -0.3856 0.2330 0.8928
vn -0.2739 0.2843 0.9188
vn 0.7221 0.4696 0.5080
vn 0.4728 0.6564 0.5879
vn 0.4758 0.5638 0.6751
vn 0.1397 -0.1514 0.9786
vn 0.4277 0.5699 0.7016
vn 0.4631 0.6884 0.5583
vn 0.7808 0.3749 0.4998
vn 0.7708 0.4917 0.4051
vn 0.5451 0.4668 0.6964
vn 0.1450 0.6002 0.7866
vn 0.8598 0.4014 0.3156
vn 0.8699 0.3570 0.3404
vn 0.3558 -0.6063 0.7112
vn 0.2594 -0.5241 0.8112
vn -0.4911 0.3746 0.7865
vn 0.7874 -0.5440 0.2899
vn 0.9730 -0.1785 0.1464
vn -0.8001 0.3515 0.4861
vn 0.8367 0.2782 0.4717
vn -0.6742 -0.0723 0.7350
vn 0.4306 -0.0143 0.9024
vn -0.1400 -0.3784 0.9150
vn -0.0653 -0.4424 0.8944
vn 0.9447 0.1400 0.2964
vn -0.8339 0.1573 0.5290
vn -0.8235 0.2307 0.5182
vn 0.9498 0.0497 0.3088
vn 0.9434 0.0652 0.3251
vn -0.4221 0.4368 0.7944
vn -0.4165 0.4269 0.8027
vn -0.0703 -0.0399 0.9967
vn 0.0975 -0.0262 0.9949
vn 0.1048 -0.0049 0.9945
vn -0.1066 -0.0765 0.9914
vn 0.6124 0.0032 0.7905
vn 0.3899 -0.0020 0.9209
vn 0.5441 -0.0950 0.8336
vn 0.6552 0.4992 0.5671
vn 0.8537 0.1194 0.5069
vn 0.8790 0.3542 0.3193
vn -0.1183 0.0112 0.9929
vn -0.2391 0.1113 0.9646
vn 0.0181 0.4215 0.9066
vn -0.0444 0.4160 0.9083
vn -0.1987 0.5286 0.8253
vn 0.0020 -0.1924 0.9813
vn -0.0482 -0.8623 0.5041
vn -0.1005 -0.7829 0.6140
vn 0.0626 -0.8210 0.5675
vn 0.0709 -0.8745 0.4798
vn 0.3305 -0.3245 0.8863
vn 0.4647 -0.1126 0.8783
vn 0.3252 -0.2915 0.8996
vn -0.2730 0.4537 0.8483
vn -0.7477 -0.0225 0.6636
vn -0.6889 0.0874 0.7196
vn 0.4179 -0.2351 0.8775
vn 0.3219 -0.7972 0.5107
vn 0.3865 0.6144 0.6879
vn 0.2964 0.5543 0.7778
vn -0.4269 0.5302 0.7325
vn -0.4401 0.5765 0.6884
vn -0.1964 0.6370 0.7454
vn 0.1644 0.7603 0.6284
vn 0.9041 0.2337 0.3577
vn 0.8513 0.3730 0.3690
vn 0.9125 0.1265 0.3890
vn 0.7110 0.3539 0.6077
vn 0.6793 0.2885 0.6748
vn 0.6944 0.2538 0.6734
vn -0.7569 0.1760 0.6294
vn -0.6729 0.1766 0.7183
vn -0.6802 0.2082 0.7028
vn 0.3448 -0.6858 0.6409
vn 0.3694 -0.8066 0.4615
vn 0.4729 -0.6294 0.6166
vn -0.7726 0.1357 0.6203
vn -0.1103 0.3203 0.9409
vn 0.6372 -0.0642 0.7680
vn 0.8347 0.0912 0.5431
vn 0.1650 -0.3432 0.9247
vn -0.0598 -0.5339 0.8434
vn -0.0525 0.6209 0.7821
vn 0.2891 0.6238 0.7261
vn 0.6405 0.4705 0.6070
vn -0.7720 0.2030 0.6024
vn -0.8231 0.1927 0.5342
vn 0.5263 0.1603 0.8350
vn 0.5362 0.2101 0.8175
vn -0.0463 -0.1327 0.9901
vn -0.0579 -0.0244 0.9980
vn -0.0734 -0.2058 0.9758
vn 0.8863 0.3657 0.2840
vn 0.8947 0.3257 0.3057
vn -0.6405 0.0909 0.7626
vn -0.6959 -0.0214 0.7178
vn -0.6203 0.1167 0.7756
vn -0.8246 -0.0608 0.5624
vn 0.4574 -0.3300 0.8257
vn 0.2956 -0.5211 0.8007
vn 0.5723 0.6516 0.4979
vn -0.4223 0.2607 0.8681
vn 0.9027 -0.2180 0.3709
vn -0.9119 0.0542 0.4068
vn 0.9627 0.0273 0.2692
vn 0.8930 -0.2307 0.3865
vn 0.3829 0.6620 0.6443
vn 0.4003 0.5723 0.7157
vn -0.3190 -0.6444 0.6950
vn -0.0164 -0.8723 0.4886
vn -0.1978 -0.8788 0.4342
vn 0.3983 -0.1615 0.9029
vn 0.5011 0.4230 0.7550
vn -0.2799 -0.1780 0.9434
vn -0.2710 -0.2381 0.9327
vn -0.4008 -0.2299 0.8869
vn -0.6020 0.2075 0.7711
vn -0.3631 0.4143 0.8346
vn 0.4763 0.7007 0.5312
vn 0.4861 0.7264 0.4859
vn -0.1451 0.5696 0.8090
vn 0.0065 0.7120 0.7021
vn 0.4943 -0.0943 0.8641
vn 0.3615 0.2565 0.8964
vn 0.0797 -0.4692 0.8795
vn -0.0963 -0.4178 0.9034
vn -0.2373 -0.3319 0.9130
vn -0.3769 -0.1406 0.9155
vn -0.3454 -0.1177 0.9310
vn -0.4656 -0.2036 0.8612
vn 0.6939 0.4428 0.5678
vn 0.7426 0.2273 0.6300
vn 0.8458 0.2278 0.4823
vn 0.0369 -0.8534 0.5199
vn -0.0495 -0.7636 0.6437
vn -0.0875 0.4016 0.9116
vn -0.8799 0.1097 0.4624
vn -0.9018 0.1307 0.4120
vn 0.8075 0.3505 0.4744
vn -0.3528 0.4724 0.8077
vn 0.8808 0.3177 0.3512
vn -0.3021 -0.1961 0.9329
vn -0.0743 -0.0967 0.9925
vn -0.1100 0.0654 0.9918
vn -0.3708 0.4392 0.8183
vn -0.4530 0.3469 0.8212
vn -0.4448 0.3483 0.8251
vn 0.2330 -0.3560 0.9050
vn -0.9060 0.0242 0.4227
vn -0.9177 -0.0137 0.3970
vn -0.9253 -0.0099 0.3791
vn -0.1426 0.7317 0.6666
vn -0.1823 0.6812 0.7091
vn 0.8087 0.4490 0.3802
vn 0.6960 0.5736 0.4319
vn 0.6625 0.5747 0.4804
vn -0.1831 0.8491 0.4954
vn -0.1602 0.7296 0.6649
vn 0.1453 -0.1734 0.9741
vn 0.2328 0.7102 0.6644
vn 0.7889 0.2084 0.5782
vn 0.8183 0.2482 0.5184
vn -0.7142 0.2455 0.6554
vn -0.0571 -0.6775 0.7333
vn -0.0552 -0.3322 0.9416
vn 0.2666 0.5391 0.7989
vn 0.2424 0.5186 0.8200
vn -0.5455 -0.2276 0.8066
vn -0.4224 -0.1861 0.8871
vn 0.5624 0.4039 0.7215
vn 0.6048 0.3655 0.7076
vn -0.3449 0.4942 0.7980
vn -0.8914 0.0245 0.4526
vn -0.8017 0.1330 0.5827
vn -0.3761 0.3115 0.8727
vn -0.8045 0.0968 0.5861
vn -0.7990 0.1939 0.5693
vn 0.8377 0.3538 0.4160
vn -0.2403 -0.1241 0.9627
vn -0.3055 -0.6878 0.6585
vn 0.8196 0.2766 0.5018
vn 0.1829 0.2867 0.9404
vn 0.1325 0.3505 0.9271
vn 0.0986 0.3097 0.9457
vn -0.2619 -0.6688 0.6957
vn -0.2969 -0.5781 0.7600
vn -0.1869 -0.4523 0.8721
vn 0.2426 0.3758 0.8944
vn 0.6248 0.2334 0.7450
vn 0.1627 0.3254 0.9315
vn 0.2284 0.3783 0.8971
vn 0.1638 -0.0023 0.9865
vn -0.2524 0.4759 0.8425
vn 0.7715 0.4317 0.4672
vn 0.4458 -0.0312 0.8946
vn 0.4843 -0.1515 0.8617
vn 0.3241 -0.1823 0.9283
vn -0.2831 0.3790 0.8810
vn -0.3367 0.1374 0.9315
vn -0.0517 -0.4051 0.9128
vn 0.0602 -0.5167 0.8541
vn -0.2747 0.5806 0.7665
vn 0.6325 -0.1257 0.7643
vn 0.3096 -0.3908 0.8669
vn 0.1987 -0.8544 0.4801
vn 0.1816 -0.9009 0.3943
vn -0.6306 0.1097 0.7683
vn -0.6502 0.0083 0.7597
vn 0.0129 0.3034 0.9528
vn -0.0396 0.3316 0.9426
vn 0.0267 0.3270 0.9447
vn -0.0797 0.4555 0.8867
vn -0.1327 0.4533 0.8814
vn -0.0615 0.3822 0.9220
vn 0.0127 0.3653 0.9308
vn -0.3542 -0.1792 0.9179
vn -0.1773 -0.3412 0.9231
vn 0.1853 -0.2344 0.9543
vn -0.2614 0.2188 0.9401
vn -0.0130 -0.0399 0.9991
vn 0.8744 0.4722 0.1118
vn 0.1830 -0.2855 0.9407
vn 0.3819 -0.1384 0.9138
vn 0.6754 -0.1469 0.7227
vn 0.3114 0.3413 0.8869
vn 0.1843 -0.2740 0.9439
vn 0.2656 -0.2510 0.9308
vn 0.2490 -0.3273 0.9115
vn 0.2745 -0.2489 0.9288
vn -0.6966 -0.0063 0.7174
vn 0.7643 0.4656 0.4461
vn -0.2285 0.5814 0.7809
vn 0.8859 -0.0872 0.4557
vn -0.4142 -0.0657 0.9078
vn -0.5193 -0.0843 0.8504
vn 0.8527 0.1768 0.4915
vn -0.4815 0.0921 0.8716
vn -0.5280 0.2358 0.8158
vn -0.5785 0.2467 0.7775
vn -0.5246 0.4139 0.7439
vn -0.5704 0.3314 0.7515
vn -0.5440 0.3877 0.7442
vn 0.4443 -0.1089 0.8893
vn 0.5942 -0.0977 0.7984
vn 0.8497 0.1397 0.5085
vn 0.8281 0.1241 0.5466
vn 0.8362 -0.0277 0.5477
vn 0.8699 -0.0129 0.4931
vn 0.9395 0.0766 0.3339
vn 0.7055 0.0219 0.7084
vn 0.6491 0.0763 0.7569
vn 0.0317 -0.0709 0.9970
vn 0.2875 0.0814 0.9543
vn 0.2540 0.3241 0.9113
vn 0.4554 0.3716 0.8090
vn -0.0234 0.4122 0.9108
vn -0.3593 -0.3537 0.8636
vn -0.2795 -0.4006 0.8726
vn -0.2214 -0.3658 0.9040
vn -0.4285 -0.2333 0.8729
vn 0.5252 -0.1536 0.8370
vn -0.2434 -0.8958 0.3719
vn -0.1577 -0.8998 0.4068
vn -0.8555 0.1761 0.4870
vn 0.0220 0.1174 0.9928
vn 0.2921 0.0774 0.9533
vn -0.9015 0.1351 0.4112
vn 0.0316 0.3118 0.9496
vn 0.0186 0.1804 0.9834
vn 0.0133 0.5215 0.8532
vn -0.1132 0.5963 0.7947
vn 0.8712 -0.0775 0.4847
vn -0.3807 0.5350 0.7542
vn -0.4713 0.1187 0.8739
vn -0.4451 -0.1905 0.8750
vn -0.5733 -0.7235 0.3846
vn -0.6929 -0.2383 0.6805
vn -0.6136 -0.3290 0.7178
vn -0.1377 0.2904 0.9469
vn -0.9149 0.0074 0.4037
vn -0.4925 -0.3976 0.7742
vn -0.0410 0.4643 0.8847
vn -0.0802 0.5086 0.8573
vn 0.2818 0.6203 0.7320
vn -0.2616 -0.8512 0.4550
vn 0.1649 -0.9458 0.2796
vn 0.2988 0.8733 0.3848
vn 0.3530 0.8239 0.4434
vn 0.3266 0.8646 0.3820
vn -0.9168 -0.0482 0.3965
vn -0.9038 -0.0302 0.4268
vn -0.9091 0.0319 0.4154
vn -0.9175 -0.0051 0.3977
vn 0.0184 0.3096 0.9507
vn 0.6985 0.0250 0.7152
vn 0.4508 0.0510 0.8912
vn 0.7013 0.1206 0.7026
vn 0.9232 0.3518 -0.1549
vn 0.9630 0.2472 -0.1073
vn 0.9001 0.2326 0.3685
vn 0.9010 -0.0414 0.4319
vn 0.8694 0.0822 0.4873
vn 0.8377 0.1662 0.5202
vn 0.0810 0.3829 0.9202
vn 0.6385 -0.0432 0.7684
vn 0.5995 -0.1024 0.7938
vn 0.6478 -0.0397 0.7608
vn 0.7004 0.5137 0.4956
vn 0.8166 0.4934 0.2994
vn 0.1771 0.3203 0.9306
vn 0.2081 0.2740 0.9389
vn 0.3152 -0.7404 0.5936
vn 0.3141 -0.6425 0.6990
vn 0.1639 0.2987 0.9402
vn -0.2264 0.4339 0.8720
vn 0.0115 0.1652 0.9862
vn -0.0196 0.1712 0.9850
vn 0.8776 0.1436 0.4573
vn 0.7975 0.1355 0.5879
vn 0.2649 -0.8999 0.3465
vn 0.1343 -0.9427 0.3054
vn -0.1990 0.8943 0.4008
vn -0.2298 0.8894 0.3951
vn -0.9476 -0.0046 0.3196
vn -0.6541 0.2783 0.7033
vn -0.6125 0.2901 0.7353
vn 0.9346 0.0539 0.3515
vn 0.9570 0.0322 0.2882
vn 0.9460 0.0247 0.3233
vn 0.6094 0.6888 0.3926
vn 0.7615 0.4542 0.4625
vn 0.7739 0.5323 0.3430
vn -0.8570 -0.1142 0.5026
vn -0.8397 0.0002 0.5430
vn -0.8854 -0.0316 0.4638
vn -0.4053 0.3947 0.8246
vn -0.2548 0.3403 0.9051
vn -0.6081 -0.1919 0.7703
vn -0.6880 -0.2472 0.6823
vn 0.0194 -0.9252 0.3791
vn 0.5680 0.0475 0.8217
vn 0.5462 -0.0275 0.8372
vn 0.1233 0.5298 0.8391
vn 0.2130 0.5353 0.8173
vn 0.2029 0.4712 0.8584
vn 0.2445 -0.2313 0.9417
vn 0.4791 0.4853 0.7314
vn -0.4092 -0.1008 0.9069
vn -0.5737 -0.1513 0.8050
vn -0.1838 -0.2661 0.9463
vn -0.9050 -0.0096 0.4252
vn 0.6704 0.1236 0.7317
vn -0.5630 0.0478 0.8251
vn -0.0420 0.1175 0.9922
vn -0.1488 0.6298 0.7624
vn -0.1472 0.4766 0.8667
vn -0.8136 0.4936 0.3071
vn -0.7566 0.3999 0.5174
vn 0.4211 0.4715 0.7748
vn -0.3487 -0.3115 0.8839
vn -0.2475 -0.5358 0.8073
vn -0.1682 -0.5472 0.8200
vn -0.2302 -0.6876 0.6886
vn -0.3526 0.2273 0.9078
vn -0.3524 0.2005 0.9141
vn 0.6051 -0.0159 0.7960
vn -0.4940 -0.2212 0.8409
vn -0.5181 -0.1497 0.8421
vn 0.1923 0.4192 0.8873
vn 0.1552 0.3953 0.9054
vn -0.8153 -0.2937 0.4991
vn -0.7798 -0.2927 0.5534
vn -0.8338 -0.2049 0.5127
vn 0.3628 -0.7309 0.5780
vn -0.1556 0.1409 0.9777
vn -0.0006 0.0101 0.9999
vn -0.0435 -0.0119 0.9990
vn -0.1420 0.3860 0.9115
vn 0.2465 0.2755 0.9292
vn 0.1831 0.3635 0.9134
vn 0.2376 0.3755 0.8958
vn -0.1024 -0.1998 0.9745
vn -0.2917 -0.2440 0.9248
vn -0.2576 -0.2252 0.9396
vn -0.0418 0.3043 0.9517
vn 0.4484 -0.7614 0.4682
vn 0.5580 -0.6008 0.5724
vn 0.5613 0.6646 0.4932
vn 0.4842 0.6481 0.5878
vn -0.4580 -0.7719 0.4409
vn 0.1259 0.3416 0.9314
vn -0.1182 -0.9504 0.2876
vn 0.7926 0.1651 0.5870
vn -0.9908 0.1348 0.0082
vn 0.4567 -0.7958 0.3976
vn 0.3090 0.8279 0.4681
vn 0.8329 0.3476 0.4307
vn -0.2814 0.4360 0.8549
vn 0.6535 0.0525 0.7551
vn -0.7930 0.1651 0.5865
vn -0.7356 0.1618 0.6579
vn -0.2885 -0.2495 0.9244
vn 0.7897 0.4911 0.3677
vn 0.7734 0.3237 0.5451
vn -0.0184 0.4887 0.8722
vn -0.0759 0.5073 0.8584
vn -0.0174 0.5023 0.8645
vn -0.3475 0.4731 0.8096
vn 0.6794 0.1819 0.7108
vn -0.3603 0.6068 0.7085
vn -0.5309 0.3027 0.7915
vn -0.2664 0.6111 0.7454
vn 0.1430 0.2723 0.9515
vn -0.2669 0.5961 0.7572
vn 0.5699 0.6761 0.4671
vn 0.5199 0.2083 0.8285
vn 0.3662 0.1961 0.9096
vn -0.8289 0.3511 0.4356
vn -0.1548 0.4674 0.8704
vn -0.1986 0.4327 0.8794
vn -0.1436 0.4896 0.8600
vn 0.4765 0.6077 0.6354
vn 0.3370 0.2309 0.9127
vn 0.0257 0.5618 0.8269
vn 0.2104 0.1430 0.9671
vn -0.2146 -0.9213 0.3242
vn -0.1321 -0.9661 0.2216
vn 0.1763 0.3976 0.9005
vn 0.8809 0.3990 0.2547
vn -0.7352 0.2107 0.6443
vn 0.4199 0.3373 0.8426
vn 0.3765 -0.0102 0.9264
vn -0.1356 -0.5497 0.8243
vn 0.0743 -0.4903 0.8684
vn -0.8742 0.1160 0.4715
vn 0.3508 -0.3356 0.8742
vn -0.5648 -0.1176 0.8168
vn -0.3097 -0.2793 0.9089
vn -0.6152 -0.4127 0.6717
vn 0.7304 0.0786 0.6785
vn -0.0627 0.5509 0.8322
vn -0.1505 0.5910 0.7925
vn -0.0488 0.5349 0.8435
vn -0.8636 0.2250 0.4511
vn -0.5836 -0.1212 0.8030
vn -0.4600 -0.0446 0.8868
vn 0.7929 0.4937 0.3571
vn -0.4322 -0.2877 0.8546
vn -0.9169 -0.0162 0.3989
vn -0.9686 -0.0288 0.2468
vn -0.9279 -0.0386 0.3707
vn -0.1760 -0.0740 0.9816
vn -0.2213 -0.1831 0.9578
vn -0.7977 -0.0781 0.5980
vn 0.4350 0.6050 0.6669
vn 0.2386 0.0840 0.9675
vn 0.4131 0.0983 0.9054
vn -0.7989 -0.2376 0.5526
vn -0.8055 -0.2248 0.5483
vn -0.7908 -0.2757 0.5465
vn -0.3537 0.3548 0.8654
vn -0.5985 -0.1308 0.7904
vn 0.9283 0.0969 0.3590
vn 0.9252 0.0137 0.3793
vn 0.8773 0.0124 0.4797
vn -0.0936 -0.4079 0.9082
vn -0.0885 -0.4266 0.9001
vn -0.0666 -0.5055 0.8603
vn 0.5059 0.4773 0.7185
vn 0.7208 -0.1886 0.6670
vn -0.4693 -0.2973 0.8315
vn -0.0340 0.3437 0.9385
vn -0.0746 0.3787 0.9225
vn -0.7553 0.3410 0.5598
vn 0.5887 0.2581 0.7660
vn 0.7739 0.5467 0.3197
vn -0.5312 -0.1152 0.8394
vn -0.7029 0.2079 0.6802
vn 0.4378 -0.3934 0.8084
vn 0.5336 -0.2208 0.8164
vn 0.5177 -0.2358 0.8224
vn 0.6547 -0.1193 0.7464
vn 0.7245 -0.0670 0.6860
vn -0.5682 -0.2694 0.7776
vn -0.5750 -0.1673 0.8008
vn -0.8916 0.0139 0.4527
vn -0.8861 0.0647 0.4589
vn 0.4671 0.1875 0.8641
vn 0.6129 0.0277 0.7897
vn 0.5868 0.3601 0.7253
vn -0.7257 0.2911 0.6234
vn -0.0466 -0.2956 0.9542
vn -0.2904 -0.1481 0.9454
vn -0.4411 -0.2652 0.8574
vn -0.5149 -0.0940 0.8521
vn -0.1598 0.2385 0.9579
vn 0.2462 -0.8937 0.3750
vn -0.0531 -0.9589 0.2787
vn -0.0774 -0.9086 0.4105
vn -0.0279 -0.9224 0.3852
vn -0.4403 0.2716 0.8558
vn -0.7422 -0.0648 0.6671
vn -0.0296 -0.0929 0.9952
vn 0.6367 0.3133 0.7046
vn 0.6110 -0.0215 0.7913
vn -0.6461 0.0483 0.7617
vn 0.6447 -0.3025 0.7020
vn -0.2915 -0.0966 0.9517
vn -0.9009 -0.0860 0.4254
vn -0.1052 -0.3446 0.9328
vn 0.4181 -0.4630 0.7815
vn 0.2822 -0.5978 0.7503
vn -0.1864 -0.1371 0.9729
vn 0.8781 0.3162 0.3590
vn -0.2021 0.5986 0.7751
vn -0.1375 0.6436 0.7529
vn -0.1753 0.6617 0.7290
vn -0.2520 0.4582 0.8524
vn 0.5992 0.6940 0.3991
vn 0.6469 0.2943 0.7035
vn 0.7772 0.2959 0.5553
vn 0.7435 0.3000 0.5977
vn -0.0478 0.2862 0.9570
vn 0.5434 -0.4138 0.7304
vn -0.0478 0.3036 0.9516
vn -0.3957 0.3781 0.8369
vn 0.4926 0.5828 0.6463
vn -0.9401 -0.0294 0.3396
vn 0.3989 -0.5256 0.7514
vn 0.3440 -0.4405 0.8293
vn 0.4677 -0.5330 0.7051
vn -0.9321 -0.1248 0.3401
vn -0.3256 0.6493 0.6873
vn -0.2560 0.5272 0.8102
vn 0.8320 0.4500 0.3246
vn -0.2177 0.8840 0.4137
vn 0.7873 0.5650 0.2469
vn 0.8117 0.5533 0.1869
vn -0.2477 0.5832 0.7737
vn -0.2869 0.4409 0.8504
vn -0.2468 -0.0507 0.9677
vn -0.2593 0.0195 0.9656
vn -0.2405 0.5269 0.8152
vn -0.1540 0.6564 0.7385
vn 0.5124 0.3428 0.7874
vn -0.5684 0.2521 0.7832
vn 0.7292 0.5808 0.3619
vn 0.5324 0.5238 0.6650
vn 0.0623 -0.8779 0.4748
vn 0.0624 -0.9431 0.3266
vn -0.9136 -0.2305 0.3350
vn -0.9648 -0.2161 0.1496
vn -0.9109 -0.1852 0.3687
vn -0.3238 -0.6845 0.6531
vn -0.2927 -0.7397 0.6060
vn -0.3194 -0.5751 0.7531
vn -0.0761 -0.4061 0.9107
vn 0.8932 0.3317 0.3035
vn 0.7350 -0.0625 0.6752
vn 0.7215 -0.3036 0.6223
vn 0.8766 0.0474 0.4789
vn 0.8919 0.1870 0.4118
vn 0.9015 0.2571 0.3481
vn -0.1976 -0.8820 0.4279
vn -0.1178 -0.7036 0.7008
vn -0.1797 -0.8442 0.5051
vn -0.3280 -0.2670 0.9062
vn 0.7727 -0.0217 0.6344
vn 0.7041 -0.0353 0.7093
vn 0.3058 0.8603 0.4079
vn -0.7131 -0.2645 0.6493
vn -0.5541 -0.3034 0.7752
vn -0.6327 -0.1749 0.7544
vn -0.3324 -0.6101 0.7192
vn -0.3506 0.6127 0.7083
vn -0.8367 -0.3396 0.4297
vn 0.7870 0.0307 0.6162
vn -0.7275 0.1422 0.6712
vn -0.6461 -0.0255 0.7628
vn -0.7503 0.0774 0.6566
vn -0.4253 -0.2416 0.8722
vn -0.4904 0.1592 0.8568
vn 0.4966 0.1440 0.8560
vn 0.1702 -0.9638 0.2050
vn 0.2979 -0.9166 0.2666
vn 0.7772 0.3951 0.4897
vn 0.6425 0.4270 0.6363
vn 0.4730 -0.2162 0.8541
vn 0.4841 -0.2163 0.8479
vn 0.5062 -0.1858 0.8421
vn -0.6036 -0.6553 0.4542
vn -0.5795 -0.6464 0.4963
vn -0.4733 -0.8068 0.3536
vn 0.0464 0.2223 0.9739
vn 0.1321 0.1922 0.9724
vn 0.5684 -0.1630 0.8064
vn -0.8662 0.1913 0.4616
vn -0.6372 -0.0750 0.7670
vn 0.2388 0.4564 0.8572
vn 0.9333 0.0176 0.3586
vn 0.2662 -0.0312 0.9634
vn 0.0544 -0.2407 0.9691
vn -0.2382 0.2217 0.9456
vn -0.9246 -0.2204 0.3107
vn -0.9097 -0.2232 0.3503
vn 0.8720 0.2019 0.4459
vn 0.4214 -0.2871 0.8602
vn 0.7081 0.2149 0.6726
vn 0.5014 -0.5522 0.6660
vn 0.6288 -0.2474 0.7372
vn 0.6299 -0.5772 0.5196
vn 0.9236 0.3576 -0.1382
vn 0.0295 -0.9742 0.2236
vn 0.0472 0.2585 0.9648
vn 0.0035 0.2183 0.9759
vn -0.0484 -0.9386 0.3415
vn 0.5104 -0.1926 0.8381
vn -0.0273 -0.9520 0.3048
vn -0.0680 -0.8466 0.5279
vn -0.0104 -0.9275 0.3738
vn -0.7506 -0.5716 0.3315
vn -0.4610 -0.7050 0.5389
vn 0.7633 -0.2911 0.5767
vn 0.7119 -0.1661 0.6824
vn 0.8911 0.2821 0.3556
vn 0.9194 0.0424 0.3911
vn 0.9386 -0.0116 0.3449
vn 0.9158 0.0612 0.3970
vn -0.5057 -0.0240 0.8624
vn 0.9334 0.0979 0.3453
vn 0.9455 0.1030 0.3089
vn 0.4332 -0.4123 0.8015
vn 0.5474 -0.0433 0.8357
vn -0.4817 -0.3291 0.8122
vn -0.3816 -0.2915 0.8772
vn -0.3533 -0.8700 0.3440
vn -0.1779 -0.5298 0.8292
vn -0.3141 -0.9213 0.2290
vn 0.9413 0.1432 0.3058
vn -0.7946 0.1348 0.5920
vn 0.8322 -0.3777 0.4059
vn 0.7699 -0.2326 0.5942
vn 0.9164 -0.0657 0.3948
vn 0.7208 -0.2370 0.6514
vn 0.9598 -0.0254 0.2795
vn 0.9468 -0.0539 0.3174
vn 0.9533 -0.0570 0.2965
vn -0.7864 -0.2655 0.5577
vn -0.7826 -0.2269 0.5797
vn -0.8259 0.1691 0.5379
vn -0.9051 -0.2043 0.3730
vn -0.8914 -0.2265 0.3927
vn -0.8980 -0.1620 0.4092
vn -0.0192 0.2897 0.9569
vn 0.2535 -0.0144 0.9672
vn 0.3810 -0.5696 0.7283
vn 0.1131 -0.4851 0.8671
vn 0.2746 -0.6823 0.6776
vn 0.5203 -0.7259 0.4499
vn 0.5883 -0.5694 0.5742
vn -0.9209 -0.1318 0.3669
vn -0.6438 -0.0343 0.7645
vn -0.5157 -0.2025 0.8325
vn -0.6960 0.0052 0.7180
vn -0.2229 -0.0614 0.9729
vn -0.4680 -0.2847 0.8366
vn -0.9280 -0.1574 0.3377
vn -0.9368 -0.1055 0.3335
vn -0.9240 -0.1462 0.3533
vn 0.8604 -0.1055 0.4986
vn 0.7049 -0.0220 0.7090
vn 0.7996 0.0708 0.5964
vn 0.3920 -0.8451 0.3636
vn 0.2170 -0.1160 0.9693
vn 0.2374 0.1963 0.9514
vn 0.0182 0.0572 0.9982
vn 0.7851 0.0775 0.6145
vn 0.8735 0.1824 0.4513
vn 0.7930 0.3087 0.5252
vn 0.7676 0.2022 0.6082
vn -0.2717 -0.3348 0.9023
vn -0.1491 0.3455 0.9265
vn -0.0977 0.2586 0.9610
vn -0.2415 0.2930 0.9251
vn 0.2710 0.9077 0.3205
vn 0.3131 0.8831 0.3495
vn -0.0815 -0.1045 0.9912
vn 0.2515 0.3584 0.8990
vn 0.4990 0.5452 0.6736
vn -0.7531 -0.2145 0.6220
vn -0.8096 -0.1731 0.5609
vn -0.8315 -0.2353 0.5032
vn -0.8083 -0.2091 0.5504
vn 0.8864 -0.2095 0.4127
vn 0.9190 -0.1797 0.3510
vn 0.9003 -0.1636 0.4034
vn 0.3798 -0.4112 0.8286
vn -0.1196 0.7670 0.6304
vn 0.1849 -0.2838 0.9409
vn 0.5022 -0.7760 0.3816
vn 0.8502 -0.0835 0.5199
vn 0.1844 0.1314 0.9740
vn 0.8212 0.3655 0.4382
vn -0.0345 0.4894 0.8714
vn 0.0125 0.6348 0.7726
vn 0.6329 -0.5916 0.4994
vn 0.2134 0.5538 0.8048
vn 0.2512 0.5766 0.7775
vn 0.1354 -0.5596 0.8176
vn -0.0571 -0.2767 0.9593
vn -0.2540 0.3201 0.9127
vn 0.5443 0.3413 0.7663
vn 0.8502 -0.2038 0.4855
vn 0.5841 0.0197 0.8114
vn 0.2890 0.2197 0.9318
vn -0.1740 0.3973 0.9010
vn 0.1502 -0.6949 0.7033
vn 0.2122 -0.7667 0.6060
vn 0.3445 0.2334 0.9093
vn 0.3112 0.3595 0.8797
vn 0.0824 -0.9120 0.4019
vn 0.1988 -0.9459 0.2564
vn -0.7254 -0.1137 0.6788
vn 0.9921 0.1096 -0.0609
vn -0.0961 -0.9211 0.3772
vn -0.0816 -0.8507 0.5192
vn -0.7901 0.0516 0.6108
vn -0.8179 0.0051 0.5754
vn -0.6285 -0.6578 0.4151
vn -0.8952 -0.0134 0.4456
vn 0.7198 -0.2222 0.6576
vn 0.6266 -0.3213 0.7100
vn 0.5979 -0.2321 0.7673
vn -0.6068 -0.3374 0.7197
vn -0.5676 -0.2075 0.7967
vn -0.2229 -0.6799 0.6986
vn 0.7809 -0.2509 0.5721
vn 0.8403 -0.1913 0.5073
vn 0.8185 -0.2149 0.5328
vn 0.6403 -0.2643 0.7212
vn -0.4411 -0.3514 0.8258
vn 0.7308 -0.2183 0.6467
vn -0.9632 -0.0719 0.2590
vn 0.4384 0.2724 0.8565
vn 0.5894 0.1458 0.7946
vn -0.0442 -0.7605 0.6478
vn -0.5110 -0.4976 0.7009
vn -0.3239 -0.4663 0.8232
vn -0.2314 -0.4212 0.8770
vn -0.3910 0.5340 0.7497
vn -0.4399 -0.4463 0.7793
vn -0.1869 -0.2700 0.9445
vn 0.3429 0.6004 0.7224
vn -0.6962 0.1702 0.6974
vn 0.7838 0.2661 0.5611
vn 0.5773 0.6542 0.4886
vn 0.7464 -0.0242 0.6650
vn -0.1888 -0.1692 0.9673
vn -0.3943 -0.0140 0.9189
vn -0.9022 -0.2387 0.3593
vn -0.9016 -0.2401 0.3597
vn -0.8881 -0.2262 0.4002
vn -0.3804 -0.2821 0.8807
vn -0.2261 -0.2392 0.9443
vn -0.5373 -0.1727 0.8255
vn -0.0606 0.4307 0.9004
vn -0.8041 -0.2632 0.5331
vn -0.7879 -0.3002 0.5376
vn 0.1230 -0.3748 0.9189
vn 0.9428 -0.0692 0.3260
vn 0.8924 -0.1487 0.4261
vn -0.8146 -0.2291 0.5328
vn -0.8087 -0.2479 0.5335
vn 0.1096 0.5147 0.8503
vn 0.2573 0.8584 0.4437
vn -0.9105 -0.2162 0.3525
vn -0.9242 -0.2117 0.3178
vn -0.9106 -0.2078 0.3573
vn -0.3752 -0.0086 0.9269
vn -0.4574 -0.0072 0.8892
vn -0.3087 -0.3021 0.9019
vn -0.3208 -0.6403 0.6979
vn -0.2042 -0.5118 0.8345
vn -0.4654 -0.4853 0.7402
vn -0.0252 -0.9264 0.3758
vn 0.9320 0.1254 0.3402
vn 0.9147 0.0611 0.3995
vn -0.9140 -0.2004 0.3529
vn 0.0256 -0.8765 0.4806
vn 0.3562 -0.4167 0.8364
vn 0.6883 -0.2027 0.6965
vn 0.6638 -0.0992 0.7413
vn 0.6863 -0.1255 0.7164
vn -0.1587 0.5134 0.8434
vn -0.9282 -0.3090 0.2073
vn -0.6715 -0.2562 0.6953
vn 0.9711 0.1048 0.2146
vn 0.9199 0.3685 0.1341
vn 0.8256 0.5438 0.1506
vn 0.7930 0.5787 0.1904
vn -0.5484 -0.2650 0.7931
vn 0.4026 -0.8713 0.2808
vn 0.7129 0.6372 0.2927
vn 0.6802 0.5768 0.4524
vn -0.6930 -0.0990 0.7142
vn -0.7604 -0.1002 0.6416
vn -0.1580 0.1806 0.9708
vn -0.1362 -0.9699 0.2019
vn 0.5993 -0.1841 0.7791
vn 0.4655 -0.1626 0.8700
vn 0.3258 0.2638 0.9079
vn 0.5723 -0.6889 0.4447
vn -0.8556 -0.2475 0.4547
vn 0.1438 0.4279 0.8923
vn 0.1822 0.4964 0.8488
vn 0.9552 0.0425 0.2929
vn 0.9432 0.0310 0.3308
vn 0.7308 0.6391 -0.2400
vn 0.4287 0.3179 0.8457
vn 0.1105 -0.9107 0.3980
vn 0.1570 -0.9552 0.2509
vn -0.2648 -0.5913 0.7618
vn -0.7759 -0.2610 0.5744
vn -0.7282 -0.2691 0.6303
vn -0.7704 -0.2334 0.5933
vn 0.9091 0.0680 0.4111
vn -0.2333 -0.1453 0.9615
vn 0.6584 -0.4176 0.6262
vn 0.5519 -0.1115 0.8264
vn 0.5641 -0.2755 0.7784
vn -0.7856 -0.1830 0.5910
vn -0.4435 0.4557 0.7718
vn -0.4529 0.4096 0.7919
vn 0.0489 0.3868 0.9208
vn 0.0444 0.3502 0.9356
vn -0.0445 -0.0016 0.9990
vn -0.1902 0.3576 0.9143
vn -0.4133 0.4544 0.7892
vn 0.5343 -0.5791 0.6157
vn -0.1437 0.5383 0.8304
vn 0.9411 0.0432 0.3354
vn 0.9313 0.1027 0.3496
vn 0.9276 0.1797 0.3274
vn 0.9371 0.1388 0.3203
vn -0.4195 -0.4876 0.7657
vn -0.7772 -0.0220 0.6288
vn 0.6572 -0.3548 0.6650
vn -0.7822 -0.2352 0.5769
vn -0.8097 -0.2483 0.5318
vn 0.6987 -0.2066 0.6849
vn -0.5930 -0.7447 0.3062
vn 0.6092 -0.2089 0.7650
vn 0.6208 -0.2298 0.7495
vn -0.9851 -0.1174 -0.1259
vn -0.1665 -0.4146 0.8946
vn -0.8720 -0.2027 0.4455
vn 0.5598 -0.2782 0.7806
vn 0.9661 0.0074 0.2582
vn 0.9433 0.0121 0.3318
vn 0.6776 0.5218 0.5182
vn 0.6677 0.5538 0.4975
vn 0.6669 0.5907 0.4542
vn -0.1973 0.5896 0.7832
vn -0.2321 0.5829 0.7787
vn 0.5567 -0.7096 0.4319
vn -0.5886 -0.1812 0.7878
vn -0.1060 -0.4668 0.8780
vn -0.1127 0.9128 0.3924
vn -0.1497 0.9022 0.4046
vn -0.0657 0.9077 0.4145
vn 0.4267 -0.2838 0.8587
vn 0.6568 -0.1761 0.7332
vn -0.7252 -0.3228 0.6082
vn -0.7788 -0.2867 0.5579
vn -0.7020 -0.4129 0.5803
vn -0.4442 0.3055 0.8422
vn 0.1936 -0.9514 0.2397
vn -0.6798 -0.2416 0.6924
vn -0.6517 -0.3593 0.6680
vn -0.7385 -0.3023 0.6027
vn 0.9239 0.2685 0.2726
vn 0.6704 -0.2984 0.6793
vn 0.7001 -0.1928 0.6875
vn 0.6596 -0.1475 0.7370
vn 0.7492 -0.0534 0.6602
vn 0.0602 0.6269 0.7768
vn -0.0799 0.5974 0.7979
vn 0.3611 -0.8904 0.2772
vn 0.2795 -0.8884 0.3642
vn 0.8346 -0.0209 0.5504
vn -0.6224 -0.7362 0.2660
vn -0.6297 -0.6957 0.3456
vn -0.6557 -0.6440 0.3941
vn -0.9121 0.0711 0.4037
vn -0.0157 0.5165 0.8561
vn 0.1401 0.4170 0.8981
vn -0.2640 -0.9138 0.3088
vn -0.1968 -0.9553 0.2204
vn -0.5159 -0.1222 0.8479
vn -0.5689 0.1931 0.7994
vn -0.3259 -0.9043 0.2758
vn -0.3423 -0.9184 0.1983
vn -0.3906 -0.8809 0.2671
vn -0.7563 0.0618 0.6513
vn -0.7538 0.0736 0.6530
vn 0.3414 -0.6900 0.6382
vn -0.7502 -0.1360 0.6470
vn 0.6266 -0.1191 0.7702
vn -0.3537 -0.5816 0.7325
vn -0.4906 -0.5165 0.7018
vn 0.3353 0.4978 0.7999
vn 0.1508 0.6314 0.7607
vn 0.2251 0.5984 0.7689
vn 0.6571 -0.3195 0.6827
vn 0.2673 -0.6058 0.7494
vn 0.3850 -0.6553 0.6499
vn 0.0939 -0.9724 0.2138
vn 0.1694 -0.9096 0.3794
vn -0.7199 -0.2376 0.6521
vn -0.2226 -0.3379 0.9145
vn -0.6457 -0.2263 0.7293
vn -0.6328 -0.2729 0.7247
vn -0.9387 -0.2038 0.2782
vn -0.0080 0.5649 0.8251
vn -0.0634 0.5911 0.8041
vn -0.0625 0.4507 0.8905
vn 0.3826 -0.8657 0.3227
vn 0.3527 -0.8752 0.3310
vn 0.4024 -0.8574 0.3208
vn 0.3046 0.7104 0.6345
vn -0.0533 0.6268 0.7773
vn 0.1977 -0.9710 0.1344
vn 0.2078 -0.9118 0.3541
vn -0.5857 -0.3247 0.7426
vn -0.3486 -0.3579 0.8662
vn -0.1256 0.5791 0.8056
vn 0.8278 -0.2107 0.5199
vn 0.7603 -0.2676 0.5919
vn 0.8143 -0.2558 0.5211
vn 0.3379 -0.2539 0.9063
vn 0.5756 -0.4189 0.7023
vn 0.4610 -0.3145 0.8298
vn 0.7649 -0.2235 0.6042
vn 0.7416 -0.2133 0.6360
vn 0.7279 -0.1399 0.6713
vn -0.8368 -0.2700 0.4763
vn -0.4294 0.0015 0.9031
vn 0.5575 -0.2749 0.7833
vn 0.8324 0.4072 0.3759
vn 0.8545 0.4219 0.3031
vn 0.9704 -0.0815 0.2274
vn 0.9743 -0.0560 0.2181
vn 0.9742 -0.0683 0.2150
vn -0.8075 -0.2238 0.5457
vn 0.8555 -0.1771 0.4865
vn 0.8923 -0.1451 0.4274
vn 0.7598 -0.3103 0.5714
vn -0.8317 -0.2683 0.4861
vn 0.7494 -0.1598 0.6426
vn -0.8059 -0.4711 -0.3585
vn -0.9242 0.0309 0.3807
vn 0.1768 0.8846 0.4316
vn 0.2487 0.8165 0.5210
vn 0.8059 -0.1313 0.5773
vn 0.7492 -0.1940 0.6333
vn 0.0560 -0.9873 0.1490
vn -0.0572 -0.9951 0.0805
vn 0.4196 -0.2255 0.8793
vn 0.7608 0.2920 0.5795
vn -0.9032 -0.2178 0.3699
vn -0.9275 -0.1886 0.3227
vn 0.7634 -0.1808 0.6201
vn 0.8417 0.1379 0.5219
vn -0.6969 -0.2097 0.6859
vn 0.1514 0.4561 0.8770
vn 0.1164 -0.0008 0.9932
vn -0.6292 -0.1730 0.7577
vn -0.5390 -0.2234 0.8121
vn 0.6613 0.6261 0.4132
vn -0.6720 -0.3961 0.6258
vn -0.0437 -0.9905 0.1302
vn -0.8930 -0.2662 0.3628
vn -0.8762 -0.2878 0.3865
vn -0.8585 -0.2511 0.4471
vn 0.9028 -0.2658 0.3382
vn 0.0747 0.5099 0.8570
vn 0.9301 -0.1222 0.3464
vn 0.9415 -0.1038 0.3205
vn 0.5551 -0.3811 0.7393
vn -0.3182 0.6059 0.7292
vn -0.1982 0.8661 0.4589
vn -0.1363 0.7998 0.5846
vn -0.1229 0.8722 0.4735
vn 0.7087 -0.2236 0.6691
vn 0.7044 -0.1606 0.6914
vn 0.0736 -0.9847 0.1577
vn 0.8195 -0.1759 0.5454
vn 0.8029 -0.1264 0.5826
vn 0.9587 -0.0535 0.2792
vn 0.9542 -0.0656 0.2918
vn 0.3771 -0.3776 0.8457
vn 0.5286 -0.7744 0.3477
vn 0.4731 -0.8429 0.2564
vn 0.2979 -0.3354 0.8938
vn 0.1975 -0.1998 0.9597
vn 0.8237 -0.1505 0.5467
vn 0.7470 -0.1967 0.6350
vn -0.7390 -0.6108 0.2842
vn -0.6957 -0.6218 0.3596
vn -0.7568 -0.5128 0.4054
vn 0.8773 0.3024 0.3727
vn -0.8795 -0.2408 0.4106
vn 0.9501 0.0113 0.3118
vn 0.9541 0.0234 0.2987
vn 0.4553 -0.4844 0.7471
vn -0.5865 -0.3668 0.7221
vn -0.6145 -0.2472 0.7492
vn -0.5801 0.1874 0.7927
vn -0.2526 0.3950 0.8833
vn 0.0030 -0.8642 0.5032
vn 0.1751 -0.8457 0.5042
vn 0.2665 -0.8389 0.4746
vn 0.6386 0.5929 0.4905
vn 0.7919 -0.3822 0.4763
vn -0.9230 -0.2310 0.3077
vn 0.9437 0.0961 0.3166
vn -0.2588 -0.9600 0.1070
vn -0.1259 -0.9821 0.1401
vn 0.7384 0.2874 0.6100
vn 0.7349 0.1248 0.6666
vn 0.1393 -0.3712 0.9180
vn 0.3271 -0.9310 0.1621
vn -0.6395 -0.3494 0.6848
vn -0.6806 -0.3499 0.6437
vn -0.0857 0.4923 0.8662
vn 0.4458 -0.8626 0.2393
vn -0.1486 -0.3188 0.9361
vn -0.9006 -0.2423 0.3608
vn -0.9006 -0.2278 0.3701
vn -0.5430 0.2700 0.7951
vn 0.9113 0.1168 0.3947
vn -0.6653 -0.1713 0.7267
vn -0.4822 -0.8393 0.2511
vn -0.1717 0.9413 0.2905
vn -0.2672 0.8157 0.5130
vn -0.8002 -0.2686 0.5362
vn -0.7164 -0.1833 0.6731
vn 0.6476 -0.2236 0.7284
vn 0.7429 -0.2436 0.6235
vn -0.5699 -0.2357 0.7872
vn -0.5976 -0.3461 0.7232
vn -0.8192 -0.3142 0.4797
vn -0.6063 -0.2344 0.7599
vn -0.3871 0.5224 0.7598
vn -0.4918 -0.2643 0.8296
vn 0.1427 0.5640 0.8134
vn 0.7478 -0.2696 0.6067
vn -0.8915 -0.2523 0.3761
vn 0.7378 -0.0371 0.6740
vn 0.4632 -0.8227 0.3296
vn 0.7948 -0.2891 0.5336
vn 0.7637 -0.2470 0.5965
vn 0.7855 -0.2673 0.5582
vn 0.6786 -0.3086 0.6665
vn 0.3310 0.6355 0.6975
vn -0.5692 -0.7928 0.2177
vn -0.4877 -0.1303 0.8632
vn -0.1350 0.6512 0.7468
vn 0.2614 0.5188 0.8140
vn 0.8685 -0.2413 0.4330
vn -0.7680 -0.2910 0.5705
vn -0.6074 -0.3918 0.6911
vn -0.5965 -0.3429 0.7256
vn -0.1097 0.5137 0.8509
vn -0.7924 -0.2359 0.5626
vn 0.6347 -0.1671 0.7545
vn 0.6643 -0.1477 0.7328
vn 0.1740 0.7576 0.6291
vn 0.1292 -0.9903 0.0516
vn 0.2315 -0.9685 0.0915
vn 0.2426 0.4430 0.8631
vn 0.6019 -0.3948 0.6942
vn 0.5580 -0.4574 0.6923
vn 0.6730 -0.4358 0.5976
vn -0.7340 -0.4452 0.5129
vn 0.2185 0.4649 0.8580
vn 0.9723 -0.0789 0.2199
vn 0.9756 -0.0401 0.2157
vn 0.7795 -0.1387 0.6109
vn 0.7828 -0.1347 0.6075
vn 0.9653 -0.0705 0.2514
vn 0.9726 -0.1056 0.2073
vn 0.9677 -0.0933 0.2343
vn 0.2410 0.6480 0.7225
vn 0.3039 0.7907 0.5314
vn -0.2366 0.8931 0.3826
vn 0.8766 -0.3363 0.3443
vn 0.8736 -0.3380 0.3501
vn 0.8669 -0.2615 0.4244
vn 0.4885 -0.8066 0.3327
vn 0.8627 -0.1379 0.4866
vn -0.1987 -0.9740 0.1087
vn -0.7075 -0.5120 0.4872
vn -0.7751 -0.3695 0.5125
vn 0.9530 -0.1026 0.2850
vn 0.9589 -0.1038 0.2642
vn -0.7936 -0.2375 0.5601
vn 0.7536 -0.5067 0.4188
vn 0.8144 -0.3694 0.4476
vn 0.7190 -0.4040 0.5656
vn -0.4415 -0.8853 0.1462
vn 0.7893 -0.2407 0.5649
vn 0.2492 0.2614 0.9325
vn -0.8375 0.0390 0.5450
vn -0.6568 -0.1316 0.7425
vn 0.9680 -0.0738 0.2400
vn 0.3006 -0.2609 0.9174
vn 0.9632 -0.1073 0.2465
vn 0.5242 -0.4486 0.7239
vn -0.6455 -0.6239 0.4406
vn -0.5753 -0.7045 0.4155
vn -0.5916 -0.4540 0.6663
vn 0.5007 -0.3583 0.7880
vn 0.7285 -0.2753 0.6273
vn -0.1278 0.5149 0.8476
vn 0.9409 0.0487 0.3351
vn 0.9549 0.0624 0.2904
vn 0.9464 0.0720 0.3149
vn 0.9589 0.0672 0.2757
vn 0.6287 -0.7033 0.3318
vn 0.6351 -0.6486 0.4195
vn 0.1222 -0.0356 0.9919
vn 0.2090 0.5466 0.8109
vn 0.2284 0.5572 0.7983
vn 0.0946 0.7766 0.6228
vn 0.1592 0.8002 0.5782
vn 0.0606 0.8715 0.4866
vn 0.8373 -0.2201 0.5005
vn -0.3518 -0.5543 0.7543
vn 0.8744 -0.1818 0.4499
vn 0.9628 -0.0123 0.2701
vn -0.8407 -0.3416 0.4201
vn 0.1816 -0.7078 0.6826
vn -0.6290 -0.6440 0.4355
vn -0.7412 -0.3060 0.5974
vn 0.7181 -0.3133 0.6214
vn -0.8585 -0.3717 0.3533
vn 0.0651 0.1192 0.9907
vn 0.5105 -0.7815 0.3587
vn 0.4982 -0.8192 0.2841
vn -0.9829 -0.1376 0.1224
vn -0.9612 -0.1540 -0.2288
vn -0.8700 0.2838 0.4032
vn -0.9002 -0.3631 0.2403
vn -0.8876 -0.3489 0.3008
vn -0.8916 -0.3600 0.2748
vn -0.8709 -0.3818 0.3093
vn 0.3535 -0.4417 0.8246
vn 0.2682 -0.6518 0.7094
vn 0.9860 0.0069 0.1663
vn 0.9688 -0.0064 0.2477
vn -0.9477 0.3190 0.0125
vn 0.4796 -0.2792 0.8318
vn 0.3876 0.1155 0.9146
vn -0.8890 -0.3157 0.3316
vn -0.0276 0.8557 0.5168
vn 0.0724 0.9100 0.4083
vn -0.1606 0.4041 0.9005
vn 0.0451 0.5889 0.8070
vn 0.1525 -0.8771 0.4555
vn 0.9104 -0.1599 0.3816
vn 0.9266 -0.1356 0.3507
vn 0.9602 0.0687 0.2706
vn 0.1570 -0.9838 0.0869
vn 0.2253 -0.9711 0.0791
vn 0.8735 -0.2133 0.4377
vn 0.1235 0.4751 0.8712
vn 0.2983 -0.9437 0.1431
vn 0.3873 0.4073 0.8271
vn 0.4060 0.3398 0.8484
vn 0.8697 0.2214 0.4411
vn 0.6866 -0.4828 0.5436
vn 0.6790 -0.4096 0.6092
vn 0.6731 -0.2471 0.6970
vn -0.2764 -0.9133 0.2992
vn -0.7677 -0.2583 0.5864
vn 0.6486 -0.2140 0.7304
vn 0.1277 0.4954 0.8593
vn 0.1968 0.5222 0.8298
vn 0.5616 0.3436 0.7527
vn 0.9534 -0.0291 0.3003
vn -0.0155 0.6928 0.7209
vn 0.6420 -0.5541 0.5299
vn 0.6265 -0.5541 0.5481
vn 0.2904 -0.9520 0.0965
vn -0.3318 -0.2453 0.9109
vn -0.2003 0.6055 0.7702
vn 0.6101 -0.3009 0.7329
vn 0.9352 -0.1782 0.3059
vn 0.9141 -0.0918 0.3949
vn 0.8238 -0.2188 0.5229
vn 0.8543 -0.2537 0.4537
vn 0.8374 -0.2372 0.4924
vn 0.7528 -0.2852 0.5932
vn 0.8083 -0.5008 0.3096
vn -0.1251 0.9315 0.3415
vn 0.5373 -0.3152 0.7823
vn 0.7628 -0.2962 0.5747
vn -0.8064 -0.4116 0.4247
vn 0.9210 0.1225 0.3698
vn 0.1156 0.6679 0.7352
vn 0.1619 0.6733 0.7214
vn 0.3658 -0.5212 0.7711
vn 0.3812 -0.5979 0.7051
vn -0.1300 -0.9912 0.0243
vn 0.5668 -0.3229 0.7580
vn 0.0525 0.2672 0.9622
vn 0.6939 -0.2755 0.6653
vn 0.9927 0.1015 -0.0658
vn 0.9679 0.0151 -0.2509
vn 0.6342 -0.3864 0.6697
vn -0.0984 0.4119 0.9059
vn -0.4860 -0.8471 0.2150
vn 0.2055 0.8271 0.5231
vn -0.5563 -0.8163 0.1555
vn 0.8130 -0.4144 0.4091
vn 0.7126 -0.5411 0.4466
vn 0.7022 -0.4199 0.5750
vn -0.4516 -0.1191 0.8842
vn 0.4600 -0.1209 0.8796
vn 0.6550 -0.1777 0.7344
vn 0.5250 -0.3478 0.7768
vn -0.7092 -0.4060 0.5764
vn 0.6086 -0.7642 0.2134
vn 0.9689 -0.0752 0.2356
vn 0.9705 -0.1026 0.2180
vn 0.9683 -0.0822 0.2361
vn 0.7003 -0.2457 0.6702
vn 0.0390 -0.9351 0.3521
vn 0.0578 -0.9777 0.2020
vn -0.6542 -0.4968 0.5702
vn -0.6697 -0.3911 0.6314
vn 0.1738 -0.5128 0.8407
vn 0.6329 0.2952 0.7157
vn -0.4885 -0.2974 0.8203
vn 0.1966 -0.3836 0.9024
vn 0.1700 -0.3597 0.9175
vn 0.2216 -0.4332 0.8736
vn -0.6583 0.0615 0.7502
vn -0.5608 -0.4654 0.6848
vn 0.7713 -0.4014 0.4940
vn 0.6519 -0.2266 0.7237
vn -0.2356 -0.0147 0.9717
vn 0.6491 -0.1870 0.7373
vn -0.6597 -0.5555 0.5062
vn -0.2762 -0.8450 0.4579
vn -0.4288 -0.1234 0.8950
vn 0.9482 0.0772 0.3081
vn 0.9436 0.0619 0.3253
vn 0.5837 -0.5496 0.5977
vn -0.8318 -0.4408 0.3375
vn 0.0120 0.4960 0.8682
vn 0.9399 -0.1168 0.3207
vn 0.2472 0.6793 0.6910
vn 0.2275 0.7737 0.5913
vn -0.7897 -0.5515 0.2686
vn -0.7932 -0.5176 0.3208
vn 0.1122 -0.9916 0.0645
vn 0.7324 -0.2894 0.6163
vn 0.3541 0.1732 0.9190
vn 0.4062 -0.1060 0.9076
vn -0.7465 -0.6373 0.1915
vn -0.9172 -0.3974 0.0291
vn -0.7699 -0.2293 0.5956
vn 0.1975 0.6520 0.7320
vn -0.3047 0.7785 0.5487
vn -0.8997 -0.2405 0.3642
vn -0.0809 0.9321 0.3531
vn -0.0738 0.9304 0.3589
vn -0.6652 -0.7199 0.1980
vn 0.9680 0.1742 -0.1808
vn -0.5274 -0.3598 0.7697
vn 0.6721 0.6988 0.2450
vn -0.7971 -0.2828 0.5334
vn -0.3056 -0.0064 0.9521
vn -0.6242 -0.0711 0.7780
vn -0.4989 0.3033 0.8118
vn 0.0261 -0.9866 0.1609
vn 0.0773 -0.9654 0.2490
vn 0.6276 -0.5974 0.4992
vn -0.9006 0.1618 0.4034
vn -0.6583 0.5685 0.4933
vn -0.7532 -0.2898 0.5906
vn 0.8794 -0.3796 0.2873
vn 0.8807 -0.2939 0.3715
vn 0.9686 0.0691 0.2389
vn 0.9362 0.1104 0.3336
vn 0.9263 0.0629 0.3716
vn -0.1882 -0.3815 0.9050
vn 0.4088 -0.8978 0.1640
vn -0.3406 -0.9366 0.0825
vn -0.8923 0.1780 0.4149
vn -0.8443 -0.4790 -0.2402
vn 0.6211 -0.2049 0.7565
vn 0.5202 0.4799 0.7065
vn 0.6149 0.3294 0.7165
vn -0.8381 -0.4560 0.2994
vn -0.8551 -0.4238 0.2986
vn -0.8727 -0.4176 0.2531
vn 0.9521 -0.1045 0.2873
vn -0.0607 0.7843 0.6173
vn -0.8675 -0.2598 0.4242
vn -0.9035 -0.2740 0.3296
vn -0.1934 -0.2888 0.9376
vn 0.0541 -0.9966 0.0622
vn 0.8589 -0.1475 0.4905
vn 0.0591 0.3924 0.9179
vn 0.5062 -0.4326 0.7461
vn 0.7116 -0.2923 0.6389
vn 0.1145 0.9025 0.4152
vn 0.4807 -0.7465 0.4601
vn 0.4119 -0.8066 0.4240
vn -0.0510 -0.9719 0.2300
vn -0.0443 -0.9594 0.2784
vn 0.9371 0.1933 0.2908
vn 0.9812 0.1680 -0.0948
vn 0.6666 -0.3206 0.6729
vn 0.6246 -0.4055 0.6674
vn 0.6484 -0.3206 0.6905
vn -0.3989 -0.8820 0.2511
vn 0.4692 0.5879 0.6589
vn -0.5493 -0.8277 0.1146
vn -0.5060 -0.8465 0.1653
vn -0.5142 -0.8455 0.1442
vn 0.9545 -0.1306 0.2681
vn -0.3571 -0.8579 0.3694
vn -0.1517 -0.7929 0.5901
vn -0.4973 -0.8431 0.2047
vn -0.4322 -0.8706 0.2350
vn -0.4661 -0.8746 0.1336
vn -0.4699 -0.8317 0.2957
vn 0.0547 0.9396 0.3380
vn 0.0705 0.9401 0.3335
vn 0.9049 -0.3359 0.2613
vn 0.9454 -0.0605 0.3202
vn 0.8995 0.1752 0.4002
vn 0.4963 -0.8524 0.1648
vn -0.7452 -0.2361 0.6236
vn -0.8858 -0.3603 0.2924
vn 0.8612 -0.3948 0.3202
vn -0.1294 -0.0516 0.9902
vn -0.3580 -0.1320 0.9243
vn 0.0125 0.9247 0.3805
vn -0.0341 0.9215 0.3868
vn 0.7018 -0.2565 0.6646
vn 0.6235 -0.3679 0.6898
vn 0.7124 -0.2509 0.6554
vn 0.0208 -0.9932 0.1143
vn -0.0736 0.5167 0.8530
vn 0.6828 -0.5782 0.4466
vn -0.9217 0.0308 0.3868
vn -0.7550 -0.1372 0.6413
vn 0.7160 -0.2226 0.6616
vn -0.2019 0.6337 0.7468
vn -0.0949 -0.5080 0.8561
vn 0.8488 -0.2181 0.4816
vn -0.9127 -0.2584 0.3165
vn 0.5835 0.6805 0.4433
vn 0.6079 0.3609 0.7072
vn 0.6476 -0.2987 0.7010
vn -0.9016 -0.2835 0.3268
vn 0.9139 -0.0519 0.4026
vn 0.2412 -0.4894 0.8380
vn 0.3227 -0.2508 0.9127
vn -0.5043 -0.8433 0.1857
vn 0.0476 -0.9956 0.0804
vn 0.7495 0.3658 0.5518
vn 0.3872 -0.0858 0.9180
vn -0.4277 -0.8750 0.2268
vn -0.8089 -0.2295 0.5413
vn 0.7061 -0.6735 0.2188
vn 0.7067 -0.5891 0.3918
vn -0.6679 -0.3808 0.6395
vn 0.9153 -0.0070 0.4028
vn -0.0072 -0.9998 0.0180
vn -0.0729 -0.9955 0.0607
vn -0.0972 -0.9953 0.0016
vn 0.6468 -0.5966 0.4751
vn 0.7369 -0.4142 0.5342
vn -0.6347 0.7490 0.1904
vn 0.0703 -0.9974 0.0183
vn 0.1523 -0.5362 0.8302
vn 0.9735 -0.0447 0.2243
vn -0.2029 -0.9789 0.0258
vn 0.9461 0.0887 0.3114
vn 0.9130 -0.3978 -0.0902
vn -0.7435 0.0794 0.6640
vn 0.5056 -0.6272 0.5925
vn -0.9202 0.0465 0.3887
vn -0.6263 -0.0736 0.7761
vn 0.7813 -0.2603 0.5673
vn 0.7245 -0.3474 0.5954
vn -0.6720 -0.5903 0.4472
vn -0.6961 -0.4981 0.5171
vn -0.5119 -0.8390 0.1844
vn 0.8232 -0.0298 0.5670
vn -0.3399 -0.9382 0.0653
vn 0.5770 -0.7997 0.1661
vn -0.5786 -0.8062 0.1233
vn 0.2969 0.6646 0.6857
vn -0.6824 0.7308 -0.0190
vn 0.6229 -0.6019 0.4997
vn -0.4664 -0.8796 0.0940
vn 0.4017 -0.3026 0.8644
vn -0.0140 -0.9976 0.0679
vn 0.6552 -0.2604 0.7092
vn 0.6125 -0.2939 0.7338
vn 0.6513 -0.2674 0.7102
vn 0.7482 -0.6378 0.1826
vn 0.2735 0.2462 0.9299
vn 0.0216 0.1678 0.9856
vn -0.8996 -0.2764 0.3381
vn -0.4878 0.1110 0.8659
vn 0.3470 -0.3841 0.8556
vn -0.0285 -0.1438 0.9892
vn -0.1699 0.6186 0.7671
vn -0.3359 0.1789 0.9248
vn 0.9489 -0.0948 0.3009
vn -0.8212 0.1501 0.5506
vn 0.9601 0.1035 0.2597
vn 0.5642 -0.7838 0.2594
vn 0.7380 -0.3486 0.5778
vn 0.6907 -0.3351 0.6408
vn -0.8948 0.0592 0.4426
vn -0.7986 0.0711 0.5976
vn 0.4518 -0.8871 0.0940
vn 0.5716 -0.7914 0.2167
vn 0.5061 0.1286 0.8528
vn 0.2028 0.0299 0.9788
vn 0.5992 0.0446 0.7994
vn -0.4421 0.2024 0.8738
vn 0.9031 -0.3052 0.3022
vn -0.5627 -0.8151 0.1380
vn 0.4596 0.2182 0.8609
vn -0.2653 -0.0860 0.9603
vn -0.3282 -0.3917 0.8596
vn 0.0247 0.9339 0.3567
vn 0.6533 0.0332 0.7564
vn 0.6897 -0.2486 0.6800
vn -0.6474 -0.7539 0.1116
vn -0.8218 -0.4980 0.2770
vn 0.3564 0.8671 0.3480
vn -0.1086 -0.5144 0.8506
vn -0.1109 -0.6002 0.7921
vn -0.2234 -0.6047 0.7645
vn -0.1357 0.6037 0.7856
vn 0.2017 -0.7396 0.6422
vn -0.0332 0.3708 0.9281
vn -0.5491 -0.2630 0.7933
vn 0.1309 0.8716 0.4724
vn 0.3329 0.7553 0.5645
vn 0.2816 -0.6125 0.7386
vn 0.0540 -0.9985 0.0012
vn 0.8927 -0.3410 0.2946
vn -0.5781 -0.8105 0.0949
vn -0.6048 -0.7856 0.1308
vn -0.6058 -0.7843 0.1335
vn -0.2998 0.2545 0.9194
vn -0.3609 0.1010 0.9271
vn -0.3319 0.0996 0.9380
vn -0.8864 -0.4558 -0.0809
vn 0.6163 -0.4957 0.6120
vn 0.7834 -0.2108 0.5846
vn -0.8934 -0.3460 0.2865
vn -0.4874 -0.7925 0.3665
vn 0.0068 0.9260 0.3774
vn -0.7431 -0.6426 0.1867
vn -0.5884 -0.8032 0.0935
vn 0.6512 0.6248 0.4308
vn -0.6479 -0.7544 0.1050
vn -0.6360 -0.7638 0.1100
vn -0.6316 -0.7674 0.1100
vn 0.9116 0.2102 0.3533
vn 0.7813 0.3741 0.4996
vn 0.7646 0.1042 0.6360
vn 0.2797 -0.3845 0.8797
vn 0.9640 -0.2251 -0.1416
vn -0.6016 -0.7876 0.1333
vn 0.5887 -0.2929 0.7534
vn -0.5194 -0.8083 0.2772
vn -0.4326 -0.4700 0.7694
vn 0.7306 -0.6135 0.2997
vn -0.1558 -0.0107 0.9877
vn -0.7887 -0.5790 0.2069
vn -0.3115 0.1914 0.9308
vn 0.0112 0.9268 0.3754
vn 0.0789 -0.9969 0.0008
vn 0.4534 -0.0240 0.8910
vn 0.4934 -0.5574 0.6677
vn -0.4137 0.0481 0.9092
vn 0.8670 -0.4498 0.2142
vn 0.8682 -0.4424 0.2245
vn 0.8445 -0.5006 0.1903
vn -0.6272 -0.7703 0.1148
vn -0.9055 0.1502 0.3968
vn 0.8887 0.0529 0.4554
vn 0.7024 -0.4403 0.5593
vn 0.6585 -0.1495 0.7376
vn 0.7591 -0.5919 0.2709
vn 0.9495 -0.1472 0.2771
vn 0.2162 -0.5915 0.7768
vn 0.2881 -0.7763 0.5606
vn -0.1916 -0.5349 0.8229
vn -0.0643 0.0910 0.9938
vn 0.3740 -0.2894 0.8811
vn -0.7563 -0.6182 0.2139
vn -0.7543 -0.6370 0.1591
vn -0.1945 0.4402 0.8766
vn -0.1360 0.5567 0.8195
vn 0.2562 0.3143 0.9141
vn 0.0823 -0.8891 0.4502
vn 0.9497 -0.1457 0.2772
vn -0.8615 0.2908 0.4163
vn -0.0060 -0.8460 0.5332
vn -0.3870 0.0162 0.9220
vn -0.1143 -0.7778 0.6180
vn -0.0340 -0.9049 0.4243
vn 0.7138 -0.4067 0.5702
vn 0.5271 0.7191 0.4528
vn 0.5933 0.7237 0.3525
vn -0.9182 0.0259 0.3954
vn 0.1780 0.8726 0.4548
vn -0.7042 -0.6991 0.1241
vn 0.7675 0.2560 0.5877
vn -0.4949 -0.3480 0.7962
vn -0.9297 -0.0863 0.3582
vn -0.9065 -0.3003 0.2969
vn 0.7946 -0.5881 0.1508
vn 0.7515 -0.6464 0.1320
vn -0.6350 0.0275 0.7720
vn 0.6488 -0.7474 0.1428
vn 0.6453 -0.7410 0.1857
vn 0.4316 -0.4284 0.7938
vn -0.5759 -0.1620 0.8013
vn -0.0478 -0.4653 0.8839
vn -0.9089 0.2080 0.3613
vn 0.8711 -0.4363 0.2256
vn 0.8730 -0.4253 0.2386
vn 0.1820 0.5281 0.8295
vn 0.8693 0.0862 0.4866
vn 0.8727 -0.4436 0.2041
vn 0.1227 -0.2164 0.9686
vn -0.6582 -0.7517 0.0409
vn -0.0313 -0.9347 0.3541
vn -0.8138 -0.5295 0.2392
vn -0.8142 -0.5509 0.1833
vn -0.8820 -0.3825 0.2754
vn -0.8634 0.1064 0.4932
vn -0.7195 -0.3962 0.5704
vn 0.9030 0.1809 0.3897
vn 0.1425 0.9046 0.4018
vn 0.1681 0.8971 0.4086
vn 0.7520 -0.6262 0.2058
vn 0.7382 -0.6239 0.2563
vn 0.9544 -0.1065 0.2789
vn 0.9390 -0.1483 0.3103
vn -0.2370 -0.0949 0.9669
vn -0.4201 -0.0329 0.9069
vn -0.7727 0.6127 0.1659
vn -0.7327 0.6374 0.2385
vn -0.7882 0.6006 0.1342
vn -0.8230 0.5657 0.0519
vn 0.9612 -0.0591 0.2694
vn -0.7177 -0.4892 0.4956
vn 0.2359 0.8872 0.3964
vn 0.2078 0.8910 0.4036
vn -0.3447 -0.2811 0.8956
vn 0.9832 -0.1676 0.0728
vn 0.0555 0.5266 0.8483
vn 0.6794 -0.1888 0.7090
vn -0.5772 -0.2643 0.7726
vn -0.5965 -0.2380 0.7665
vn 0.8458 -0.5139 0.1434
vn 0.8400 -0.5278 0.1255
vn -0.6361 0.6965 0.3321
vn 0.8927 0.1705 0.4172
vn 0.5201 0.3983 0.7555
vn -0.7523 -0.6190 0.2257
vn 0.8405 0.3902 0.3760
vn 0.9419 0.2736 -0.1948
vn -0.1351 -0.3540 0.9254
vn -0.9546 -0.0666 0.2902
vn -0.9385 -0.0554 0.3409
vn -0.4431 -0.1093 0.8898
vn 0.9343 -0.2123 0.2862
vn 0.9572 -0.2776 0.0818
vn 0.5220 -0.8411 0.1419
vn 0.9004 0.4220 0.1062
vn -0.0181 0.1405 0.9899
vn -0.5901 -0.8020 0.0926
vn -0.9409 0.0613 0.3331
vn 0.3813 0.4523 0.8063
vn 0.2735 0.8843 0.3784
vn 0.9483 -0.0807 0.3071
vn 0.9566 -0.1060 0.2714
vn -0.4126 0.4347 0.8005
vn -0.4645 0.3710 0.8041
vn 0.2067 0.2523 0.9453
vn -0.1163 -0.7986 0.5906
vn 0.4580 0.4899 0.7418
vn 0.8872 -0.4324 0.1610
vn 0.9887 -0.0657 0.1346
vn 0.8601 0.2876 0.4214
vn -0.2942 0.1135 0.9490
vn -0.8423 0.2084 0.4971
vn -0.1926 -0.2554 0.9475
vn -0.3291 -0.4464 0.8321
vn -0.4431 -0.0007 0.8965
vn 0.1206 0.9220 0.3678
vn 0.8307 -0.5285 0.1750
vn 0.8054 -0.5757 0.1411
vn 0.3866 0.8499 0.3580
vn 0.7704 -0.6208 0.1453
vn 0.7174 -0.6739 0.1764
vn 0.7369 -0.6381 0.2233
vn 0.5411 -0.7817 0.3101
vn 0.9031 0.1571 0.3997
vn 0.5641 0.4025 0.7210
vn 0.8204 -0.5647 0.0896
vn -0.9348 0.0572 0.3506
vn 0.3945 -0.2726 0.8775
vn -0.1327 0.0132 0.9911
vn -0.1972 0.0360 0.9797
vn -0.9158 -0.2927 0.2749
vn -0.1927 0.7833 0.5911
vn -0.4073 -0.8671 0.2867
vn 0.2068 -0.3352 0.9192
vn 0.8327 -0.5525 0.0379
vn -0.7161 -0.1452 0.6828
vn 0.3510 -0.3795 0.8560
vn 0.8522 -0.2208 0.4743
vn 0.6051 0.4636 0.6473
vn 0.8366 -0.5444 0.0609
vn -0.1923 -0.3058 0.9325
vn 0.6005 -0.7920 0.1106
vn 0.7025 0.1102 0.7031
vn 0.3071 0.0298 0.9512
vn 0.9569 -0.0690 0.2819
vn 0.1495 0.6387 0.7548
vn -0.2293 -0.0846 0.9697
vn 0.1259 -0.6311 0.7654
vn -0.1518 0.0898 0.9843
vn 0.2588 -0.1917 0.9467
vn -0.6588 -0.1937 0.7269
vn 0.8210 -0.5559 0.1300
vn 0.9749 -0.0260 0.2212
vn 0.9438 -0.0489 0.3270
vn 0.6145 -0.7522 0.2378
vn -0.1046 -0.5361 0.8376
vn 0.4345 0.1289 0.8914
vn 0.9946 -0.0482 0.0922
vn 0.8708 -0.4626 0.1663
vn -0.0569 0.4920 0.8687
vn 0.2561 -0.5305 0.8081
vn 0.0956 -0.7430 0.6624
vn 0.4831 0.3185 0.8156
vn 0.2270 0.0304 0.9734
vn -0.6752 0.2334 0.6997
vn -0.6645 -0.7436 0.0745
vn -0.6517 -0.6312 0.4206
vn 0.4282 0.0445 0.9026
vn -0.6830 -0.1555 0.7137
vn -0.6443 -0.2533 0.7217
vn -0.4487 -0.2208 0.8660
vn 0.8336 -0.5414 0.1098
vn -0.2855 -0.2805 0.9164
vn -0.3838 -0.6133 0.6903
vn 0.8209 -0.5475 0.1626
vn 0.8604 -0.5057 -0.0630
vn 0.3797 -0.2846 0.8803
vn 0.5015 -0.2669 0.8230
vn 0.2876 0.8828 0.3714
vn 0.5422 -0.7680 0.3408
vn -0.4221 -0.2931 0.8579
vn -0.4360 -0.3170 0.8423
vn 0.2845 -0.5367 0.7944
vn -0.2622 -0.3757 0.8888
vn -0.9269 -0.3503 -0.1348
vn 0.2982 -0.4028 0.8654
vn -0.8914 -0.1581 0.4247
vn 0.1690 -0.3035 0.9377
vn 0.3856 -0.3861 0.8380
vn 0.0731 -0.8557 0.5123
vn 0.0715 -0.8480 0.5252
vn -0.0360 -0.9279 0.3711
vn -0.5628 -0.7944 0.2286
vn -0.7437 -0.5954 0.3040
vn -0.2203 0.0297 0.9750
vn -0.7134 -0.6110 0.3431
vn 0.4149 -0.4318 0.8008
vn -0.1569 -0.3171 0.9353
vn 0.2975 0.0334 0.9541
vn -0.2602 0.6868 0.6787
vn 0.0439 0.1169 0.9922
vn -0.4021 0.4013 0.8230
vn -0.3090 -0.2978 0.9033
vn 0.1079 0.2040 0.9730
vn 0.1579 0.2282 0.9607
vn 0.0097 0.0031 0.9999
vn 0.4670 -0.0371 0.8835
vn 0.2744 -0.2806 0.9198
vn -0.3214 -0.3296 0.8877
vn -0.1972 -0.9116 0.3608
vn -0.1341 -0.3319 0.9337
vn 0.3904 0.2638 0.8821
vn -0.3909 -0.7064 0.5901
vn -0.1068 -0.3584 0.9274
vn 0.9633 0.1580 0.2169
vn 0.8295 -0.3019 0.4699
vn 0.8501 -0.3329 0.4080
vn 0.5440 -0.1901 0.8173
vn 0.6256 -0.1119 0.7721
vn 0.5240 -0.4258 0.7376
vn 0.6488 -0.2601 0.7151
vn 0.3443 -0.4866 0.8029
vn -0.4923 -0.3692 0.7883
vn 0.5026 0.0890 0.8599
vn 0.0971 -0.7747 0.6248
vn 0.3303 -0.2660 0.9056
vn 0.6153 -0.2863 0.7345
vn 0.7489 -0.2931 0.5944
vn 0.3400 0.3122 0.8871
vn -0.2365 0.0716 0.9690
vn -0.5194 0.2089 0.8286
vn -0.5080 0.1328 0.8511
vn -0.5430 0.4026 0.7370
vn -0.4957 0.4680 0.7316
vn -0.1454 0.0984 0.9845
vn -0.2858 -0.4773 0.8310
vn 0.4271 -0.8750 0.2281
vn 0.4208 -0.8807 0.2176
vn 0.3968 -0.8819 0.2545
vn -0.3818 -0.9232 -0.0425
vn -0.2785 -0.9546 -0.1055
vn -0.7350 -0.6639 0.1378
