v 46.800755 131.973633 39.902081
v -45.276199 95.569168 64.170807
v -29.554127 150.460648 37.024162
v -28.857393 150.597946 37.496147
v -4.812273 60.845047 82.783257
v -26.060801 147.457199 45.336670
v -43.358276 139.473038 37.683861
v -31.443781 142.232513 47.695766
v -43.884247 77.165703 72.255463
v -39.081654 130.176819 51.600258
v 7.547235 23.354898 116.283539
v 46.570988 129.680634 42.627064
v -16.328447 39.624813 85.380783
v 31.560930 33.693634 83.262527
v 37.164154 140.984787 44.727993
v -10.893064 48.975281 82.198029
v -51.292400 130.590576 37.016342
v -50.527252 131.503098 37.304707
v 42.590805 134.073990 43.487938
v -44.327534 136.296722 39.895363
v -62.828568 97.092087 38.041313
v -8.444872 28.307644 105.282509
v -55.660393 104.934059 47.824036
v -35.628101 143.666306 41.560417
v -35.556084 145.396042 39.280674
v -35.961887 137.722397 46.918774
v -47.376106 132.433975 39.817272
v -46.067532 131.366272 42.412132
v -47.583096 127.018814 44.728985
v -49.862038 74.891792 64.940529
v -41.859653 131.445572 47.027931
v -39.134892 135.622253 45.856464
v -45.618652 124.975159 49.658279
v -3.626097 60.942677 84.119690
v -33.495144 107.118492 70.128075
v 22.694471 45.123741 77.504814
v -39.758423 141.128922 40.190575
v -47.701118 130.730698 40.527283
v -49.820751 132.865692 36.700424
v -29.180964 144.406830 47.477386
v 8.768231 35.539001 111.879250
v -32.039646 146.328049 41.400204
v -44.799759 138.035141 37.443542
v -49.940216 132.103210 37.419651
v -35.128635 131.440170 54.229996
v -34.326099 129.751099 56.774876
v -40.038795 137.159424 43.673115
v -58.985512 108.124695 41.363144
v -24.635319 153.201141 36.934757
v -40.905598 141.758957 37.497135
v -39.159576 125.116676 56.582253
v -36.291775 145.910812 37.190144
v -37.791309 144.788620 37.224087
v 37.264767 147.197723 36.567959
v 38.053932 146.429718 36.675591
v -0.201539 31.503700 113.295288
v -2.689221 30.592768 111.749695
v -42.676880 80.069809 71.502258
v -27.533346 127.549881 62.830067
v -25.728672 127.683441 64.019554
v -39.496674 143.271606 37.387592
v -13.724137 30.202745 89.155884
v -35.492676 142.453323 42.996334
v -36.925880 139.259323 44.855488
v -34.356644 141.252533 45.780396
v -30.335911 149.997711 36.948029
v -20.136145 128.494598 65.013855
v -48.075062 117.496536 52.444813
v -22.503981 147.754395 47.940479
v 16.169039 131.647354 63.806610
v -34.209373 135.938629 50.238541
v -25.974909 145.827896 47.317142
v 59.010330 106.116791 41.691799
v 58.817287 108.180099 40.669758
v -8.393859 50.709435 85.280014
v -4.281879 53.693699 88.825363
v -31.344408 144.438416 45.095409
v 12.642828 76.874863 86.351402
v -49.894550 123.396759 45.283161
v -70.888000 39.479317 36.090218
v -70.698692 38.526009 36.674133
v -49.453732 128.625900 40.715317
v -33.142830 139.391708 48.102753
v 3.906519 10.962303 100.015648
v 4.424727 12.158274 100.076492
v -50.500301 75.748291 63.372166
v -1.127723 9.092740 100.590332
v -0.056519 5.882488 103.335289
v 11.919402 23.083143 114.834236
v -54.135605 111.601570 47.370422
v 22.968390 5.697150 91.096046
v -23.852316 153.303711 37.603230
v -27.124397 151.831009 36.976402
v 24.000444 62.750946 76.125954
v 60.400635 105.073051 39.045498
v -43.726158 133.051529 43.335480
v 64.915504 46.299282 46.458328
v -52.111992 116.230545 48.460274
v -42.298874 140.373688 37.658455
v -30.706329 136.186859 53.243382
v -10.495952 46.238270 87.594246
v -31.427691 149.256546 37.053921
v -63.402687 96.129539 37.510818
v -9.461929 55.346378 77.146233
v -41.931782 128.211029 50.791843
v -30.794954 61.267876 78.290947
v -16.900930 29.413149 89.158401
v -14.750931 28.724655 88.944611
v -63.016670 98.973991 36.861771
v -62.873806 98.043976 37.275032
v -50.180309 113.512329 52.212666
v -52.148449 107.722183 52.373936
v 0.536772 8.011132 102.118561
v -37.745941 133.800354 49.215553
v -65.605682 63.043072 37.446098
v -7.005811 35.575649 99.474319
v -40.679977 123.582214 56.507774
v -33.931816 146.953415 39.116734
v -50.315430 71.458557 66.578377
v -52.819630 71.331512 61.263950
v -51.487522 71.989891 63.161812
v -32.176327 125.514023 61.364418
v -29.022474 146.857056 43.635605
v -58.887604 58.205048 52.782036
v -37.055302 120.534691 61.688892
v -23.636415 78.936172 83.377357
v -28.440048 148.915497 40.707512
v -1.002239 52.680290 96.045258
v -43.703873 76.071312 73.005096
v -63.709774 94.123779 37.498131
v -40.097336 142.567078 37.503902
v 51.837872 127.828812 36.060448
v 34.291553 40.896748 74.386833
v 31.998974 44.266800 74.332108
v 31.367329 41.790997 75.010246
v 0.524767 49.809971 100.156410
v 43.744663 135.897385 41.193665
v -64.420502 88.001465 37.443115
v -52.271175 128.244293 37.366016
v -24.451809 141.039627 52.517574
v -22.406834 139.062790 55.647987
v -57.319691 63.816978 54.746822
v 61.614948 34.494438 56.053463
v -12.450466 26.697443 90.491829
v 34.051186 137.483017 49.316986
v -46.888866 76.042244 69.794441
v -46.531345 77.152069 68.568748
v 40.328400 136.261658 44.425709
v 0.110472 63.590145 86.060532
v -0.031878 65.695168 85.687973
v 31.661028 143.453506 47.205631
v -34.185593 147.455490 37.739017
v -36.426765 95.834045 71.167404
v -28.744669 138.662430 51.890766
v 4.679783 21.270229 115.510895
v 21.783083 128.746536 64.310432
v -20.224964 38.402390 81.904953
v -12.097666 28.308584 98.397545
v -9.666537 30.330912 100.757011
v -64.284409 89.054558 37.741859
v -3.259694 63.760708 84.270340
v 26.476200 46.734352 74.482132
v -48.877258 73.251022 67.804047
v -14.274734 40.331112 87.673203
v -16.728876 37.272411 87.083641
v -62.463009 68.516953 42.074661
v -32.531250 128.528427 59.215622
v 35.806026 135.414154 49.662952
v -55.422516 20.390244 67.247650
v -62.182152 93.749588 41.041676
v -28.188433 61.209824 78.703529
v -26.989573 59.330727 79.133072
v -0.454736 57.704178 90.726379
v -54.179203 124.709320 37.377647
v -53.100082 121.367691 42.321552
v -3.759961 36.584778 105.656967
v -21.320423 150.679840 43.881191
v -46.654114 82.104385 66.292130
v 3.584426 64.483376 86.537834
v -53.968777 70.518257 59.711842
v -23.887924 49.367378 74.828506
v 6.170576 64.055977 86.262878
v -42.046940 137.765335 41.173508
v -2.072929 56.801815 89.278259
v 20.496651 80.816605 84.804474
v 19.803198 77.339417 85.531464
v -35.468781 66.048225 77.353699
v 55.829803 121.179085 35.973980
v -6.142688 39.352654 99.199959
v -1.414203 39.646965 106.487793
v -47.635731 79.028282 66.142174
v 61.779621 37.656300 54.479565
v -39.620361 121.883591 58.211311
v -7.995975 56.245743 79.220169
v -51.250278 38.212776 67.290329
v -70.676468 40.478928 36.535126
v -64.958900 66.934418 37.162655
v -25.587379 150.338593 41.609707
v -23.294445 145.656097 50.030312
v -11.264556 157.768951 36.114052
v -50.115307 72.945564 66.319656
v -66.678230 49.874264 41.570072
v -39.453239 78.274681 75.707336
v -61.001984 107.504219 37.401459
v -61.452309 106.752602 36.986347
v -68.486275 50.989494 37.344139
v 36.218121 119.774429 64.667397
v -45.541355 103.681564 61.896061
v -32.207314 87.526367 76.537727
v -25.443722 152.591370 37.282867
v -52.393898 129.063721 36.692818
v -6.243223 9.434584 97.724159
v 24.446527 40.251286 82.555138
v 23.628820 38.776112 84.798225
v -60.335484 109.228951 37.602871
v -57.547218 105.795013 43.163700
v -53.444908 109.668228 49.490234
v 63.729259 61.702919 45.000439
v -40.122864 77.336250 75.316727
v -16.658890 128.596222 65.567528
v -16.292156 45.182480 79.370789
v -57.949116 36.725212 60.706161
v -35.203403 146.904861 36.952995
v 28.567001 44.549049 74.961761
v 1.163924 56.952850 93.055412
v -3.802802 57.045715 85.693321
v -39.518967 81.013054 73.981255
v 48.787209 134.139801 36.313194
v 49.432114 133.291229 36.001038
v 46.341438 137.435135 37.125362
v -26.774807 122.945595 66.922241
v -27.852076 143.131912 49.556301
v -26.307678 130.780869 61.181923
v -6.914857 54.401192 82.113197
v -42.403797 84.933784 69.857483
v -34.160038 57.750893 77.253075
v -32.574383 56.639717 77.953117
v -36.511784 110.320961 67.350853
v -13.150287 50.134090 77.102066
v -11.501590 51.728634 77.397667
v -16.043367 133.036011 63.322346
v -65.328041 59.421833 40.340317
v -10.624896 42.826313 91.045509
v -7.524153 59.287388 79.392754
v 3.224804 66.857956 86.214775
v -18.403263 127.422020 66.417084
v 27.384001 144.667694 48.527813
v -56.457855 111.660736 44.057995
v 44.251175 79.817551 73.170952
v -35.416298 124.765396 59.440655
v 59.697807 62.242302 57.015057
v 59.077477 63.368366 58.555889
v -71.019943 29.437775 36.799454
v -70.104561 33.026226 38.963566
v 23.437244 21.308378 82.731087
v 21.441151 21.722034 83.369751
v 34.142998 145.440887 42.363255
v -11.088690 77.027130 86.716537
v -13.733053 75.742630 86.467613
v -57.543209 101.043732 45.693611
v -39.019897 55.102406 73.331757
v -42.543041 54.208313 68.487335
v -40.964241 54.115150 70.385406
v -51.955875 118.594887 46.821644
v 22.958168 109.121918 73.886986
v -68.263817 44.572002 40.414555
v 39.520466 139.800613 43.368290
v 2.179810 43.626701 106.219055
v 3.333598 87.365906 85.481239
v 42.374855 137.955933 41.699902
v 34.127991 58.608280 77.040001
v -1.581007 62.199207 85.473198
v 2.203885 34.783924 112.955605
v 15.352546 79.507431 85.921394
v -47.090000 75.490532 68.622353
v 5.633909 69.980789 86.327339
v -6.113239 48.711601 91.569000
v 40.619766 142.073929 39.961903
v 27.527334 134.561447 57.300751
v 3.672841 113.872063 75.157547
v -52.697727 80.209961 59.036846
v 11.417888 133.605392 63.713127
v 13.431602 132.525925 63.548901
v -11.879336 30.224413 92.038315
v 9.078414 22.228207 115.622940
v 6.789263 -1.276282 105.519119
v 9.186028 -0.950156 104.789429
v 7.976998 0.401349 106.038414
v -24.613997 14.827286 92.514633
v -11.486072 30.976454 93.319595
v -12.135859 26.041040 99.967148
v 13.503873 12.651746 96.351654
v 14.932955 10.928051 96.664001
v 24.738552 130.563004 61.628242
v 25.115437 45.956787 75.195847
v -29.986916 123.579041 64.515938
v -31.897860 116.137398 68.268166
v -4.415904 44.146576 97.304283
v 43.098946 142.078751 36.132462
v 44.113754 140.978409 36.030293
v -11.430578 27.752337 100.465843
v -9.852338 57.793259 76.084007
v 32.804993 144.079910 45.588100
v 33.402859 150.276184 35.903584
v 41.972725 143.264618 36.232857
v 41.250305 143.326187 36.902344
v 5.993756 73.313454 86.864388
v 3.038113 73.706085 87.134132
v -26.234400 137.205353 55.192394
v -42.270618 117.851913 58.747303
v 6.159612 39.434639 110.240669
v 1.449367 54.849678 96.186958
v -21.393593 125.951881 66.869499
v 58.600460 114.553352 37.441589
v -27.540718 70.778496 79.733742
v -17.423758 40.660568 82.442635
v -18.925030 43.474358 78.998611
v -12.345127 31.562571 90.651375
v 4.080588 -19.579552 99.760078
v -27.579229 108.498436 73.162621
v 37.541145 132.074753 51.996811
v 57.073864 102.724525 48.548000
v -6.749073 33.003841 101.951363
v 4.278917 37.209614 111.939896
v -61.916744 73.059135 42.423347
v -13.031247 47.995163 80.070030
v -9.576999 34.467556 95.563347
v -55.224445 116.955063 42.390686
v 2.476397 40.415642 109.057686
v 36.642036 143.942505 41.687725
v 6.706700 61.981655 87.154343
v -48.085560 49.825340 62.911434
v -60.550568 95.302818 43.677170
v -57.228325 118.149788 37.303459
v -64.852730 65.903946 37.738323
v 44.394073 140.266388 36.742470
v 45.351727 138.704834 37.195618
v 46.935684 134.776398 38.407211
v -5.826392 57.824638 81.681549
v 33.086422 149.320694 38.144154
v -7.478738 40.642773 96.000015
v 31.177999 110.723747 71.145630
v -45.606884 116.436134 56.093624
v 58.619022 96.408119 48.205048
v 59.917439 96.230118 46.003231
v -31.965101 120.788307 65.426254
v 14.519069 77.058990 86.264534
v 59.871792 62.514660 54.805305
v 59.475597 66.570259 55.258793
v -3.284708 134.730652 64.477608
v -22.714478 61.832397 78.431351
v -22.642002 58.815842 79.032837
v -20.037840 60.634453 77.536865
v 49.419235 124.509636 44.720280
v -56.390503 69.100281 55.374630
v 10.302718 -15.972674 103.623367
v 10.259123 -17.710630 102.552643
v -11.176335 79.003754 86.758118
v 56.957928 78.097580 57.578087
v -26.662455 58.488396 79.506004
v -25.272781 60.573105 78.846596
v -9.809402 32.607498 96.821716
v -63.253368 95.221031 38.085754
v -69.682533 26.549084 40.109566
v 1.588022 47.143646 102.977066
v 20.644238 51.352234 73.558182
v 29.348700 79.880646 81.892303
v -5.269839 32.719376 106.061882
v 31.241938 113.272537 70.243935
v 61.933636 30.135202 58.376507
v 1.765326 -28.626701 95.361366
v -0.480570 -31.006769 95.248505
v -71.103348 31.434328 36.783543
v 28.923594 128.241943 62.284370
v 36.035450 148.321335 36.563969
v -16.343349 131.182098 63.891922
v 58.852348 42.488140 55.369759
v -54.258091 125.642174 36.701412
v 56.295891 118.899841 38.220539
v 61.213543 106.853256 37.017269
v 61.661484 105.923912 36.623913
v -3.703474 130.398254 66.802635
v -13.045934 38.911255 90.196335
v 45.176460 139.643570 36.385811
v -51.955017 69.262627 64.788185
v 8.569788 39.466991 108.767929
v 63.769505 93.881042 38.255146
v 1.659001 127.153572 68.921837
v -3.248253 -51.704784 91.887520
v -58.315952 96.766685 46.450405
v -13.259869 45.653477 82.476868
v 29.279345 129.893845 60.111034
v -7.256869 116.271927 74.358063
v 12.151242 53.314545 88.255150
v 57.098377 73.130402 58.690426
v 61.295341 104.799080 37.379879
v -15.220720 78.793831 86.050652
v 30.402060 141.179504 49.673691
v 4.503773 -44.694508 94.670456
v 24.696655 114.440811 71.827568
v 58.377953 115.505821 36.719296
v 59.446121 110.143097 39.369961
v -66.859360 59.109020 36.671680
v -11.122066 53.868870 75.756927
v 62.820415 75.388802 46.074398
v 18.538767 131.698380 63.107689
v 61.718647 88.477806 45.788227
v 58.126438 78.720375 55.183842
v 23.812546 8.369836 87.944420
v -55.062477 78.362373 55.679531
v -67.984627 26.229685 44.211945
v -1.522528 -2.534728 107.679443
v 44.833500 119.835449 55.529366
v 24.623339 148.576630 46.277523
v -6.308589 -53.583073 88.414787
v -4.777688 29.777092 109.725060
v -26.272411 152.414551 36.597813
v 62.202991 91.994675 42.664455
v -24.790689 117.882896 71.004326
v -6.259918 30.489063 106.635849
v -29.958256 16.413076 89.962273
v 22.618710 51.963696 72.836960
v -18.113886 57.893066 76.953003
v -17.993567 60.109016 76.503510
v -1.010895 25.196680 114.476891
v 1.310398 25.916510 115.704216
v 4.218543 42.368088 107.833176
v 3.827261 44.159195 106.544548
v -43.891602 23.907572 78.411751
v -48.146942 119.884384 51.182423
v 50.067856 76.845184 69.868446
v 50.618450 76.681519 68.824936
v 21.266603 19.504488 83.891853
v 18.111111 38.978935 90.068047
v 9.426586 69.982269 85.474930
v -0.838549 45.743923 101.858932
v 55.535725 99.930092 52.871632
v -66.819672 58.153358 37.270798
v -58.565720 115.214363 37.128490
v -58.583389 114.296837 37.748337
v -55.185211 68.524620 58.262074
v -11.172854 -39.358330 88.176453
v -11.604550 -40.569992 87.693115
v -6.218476 72.657074 86.275215
v -6.913244 70.462555 85.407654
v -51.045643 114.692955 50.101959
v 7.980079 30.998075 114.654968
v -59.141586 41.233799 56.784626
v -9.764189 134.511353 63.738457
v -9.669358 132.519882 64.292107
v -19.771906 151.911758 43.121380
v 43.369019 58.773781 72.368881
v 43.127899 56.687881 73.167313
v 60.152569 86.955795 49.197350
v -28.765778 63.490105 78.921303
v 60.532082 91.996643 46.586395
v -34.002140 99.475716 71.640656
v 39.587456 144.853058 36.909588
v 60.726379 108.650177 36.981266
v 61.181023 107.825325 36.467636
v 20.094135 90.092758 82.221352
v -32.055367 66.279564 78.324928
v 50.459831 129.632263 36.638191
v 0.734591 61.994041 86.995110
v -71.274834 36.419281 35.906296
v -28.336006 25.061724 87.222420
v 25.135506 88.167099 81.205032
v -67.555122 55.182011 37.065678
v -55.447773 121.972054 37.470524
v -7.887718 130.378647 66.617920
v 57.822636 116.434601 37.184914
v -62.293953 103.225189 37.206028
v -62.286118 104.465515 36.575630
v 46.952305 120.436279 51.637760
v -10.925377 36.084225 92.942017
v 12.435596 -65.047585 73.961380
v 37.225967 103.082230 69.524506
v 25.145763 11.607222 85.307114
v 37.322731 21.731567 84.889145
v 32.826038 25.007517 85.404984
v -36.853271 90.577377 72.703819
v 30.528896 146.674362 43.880630
v 26.288418 18.699312 82.578568
v 25.986000 20.810701 82.455200
v 38.709045 145.686035 36.884926
v 28.143358 118.078232 69.177933
v 58.441418 69.512589 57.117065
v -60.922840 62.843052 47.227402
v 38.069206 56.945957 76.779358
v -16.088324 -55.391499 82.585342
v -38.496372 74.765572 78.765327
v -37.176205 75.317307 78.760513
v 33.264675 35.675941 80.444084
v 63.769825 89.622452 40.105862
v -54.600124 97.756050 52.265759
v 32.462143 150.520157 36.493790
v -37.698410 73.859528 78.974373
v 59.880550 81.337013 51.355751
v -37.716373 65.079025 76.186928
v 64.062897 92.103432 38.244774
v 64.353638 90.953926 37.929710
v 53.708206 113.207489 48.018238
v 62.469124 39.453068 52.201614
v 56.809891 70.234306 60.699924
v -66.572746 60.137993 37.122532
v -8.814629 26.547396 105.264824
v 12.599620 -15.716022 103.642502
v -36.831158 22.017509 83.771118
v -35.303276 79.357567 77.705750
v -16.523247 112.301704 75.324615
v -48.051945 47.734928 63.560028
v 63.243340 96.042717 37.909546
v 56.033722 120.285301 36.751278
v -21.389393 50.568096 74.515373
v -3.081020 90.692619 84.157524
v -71.260529 30.409754 36.227810
v -56.575241 41.017727 60.038139
v 63.758915 87.385300 41.772278
v 61.163242 84.418793 48.224136
v -20.034176 24.152142 90.118134
v 21.885283 5.820059 92.878609
v 18.713648 16.430742 87.104126
v 21.569138 14.879770 85.951988
v 34.496841 149.410080 36.365520
v 5.498940 -9.588360 103.932472
v -65.587807 45.990166 44.980488
v -5.251711 6.302012 100.710823
v -60.216339 102.304253 40.228531
v 63.949345 34.945599 51.581146
v -5.677061 84.963806 86.235146
v -55.429890 122.860245 36.815372
v 56.303108 107.508179 47.695057
v 30.909466 60.456833 76.721970
v -15.165986 71.856300 84.906281
v -10.186201 -0.945034 102.259552
v -13.113890 3.690262 99.674660
v -1.227141 35.340042 110.263344
v 64.673149 90.089325 37.406158
v -65.711655 63.960194 36.857204
v -5.038651 -49.917618 92.022484
v -57.227776 119.112968 36.607864
v 25.085844 145.359512 49.398281
v 6.349095 67.025330 85.836510
v 20.786007 13.462434 87.500717
v -21.955170 154.329819 36.770412
v -64.137543 91.086143 37.404762
v -27.924623 11.279704 92.133278
v 21.735706 29.184889 92.627838
v 20.108358 31.055916 93.016281
v 21.345102 28.389244 95.985466
v 19.778645 49.966656 74.835533
v -15.763249 35.389091 88.753777
v -56.187798 33.656246 64.547318
v -41.234863 114.470703 61.446510
v -71.194077 28.434290 36.232506
v 51.355103 48.294197 60.105083
v 29.505892 46.446949 73.714737
v 44.552761 122.610443 53.293419
v 3.017552 97.037537 81.268929
v -21.342964 46.526165 76.099434
v 1.861456 -17.571247 100.724968
v 60.627716 67.545265 52.843204
v -64.659828 53.495399 43.625607
v 57.056660 95.585007 52.267197
v -4.391631 -45.016846 94.053490
v -9.670693 38.571533 94.186447
v 48.914055 103.238403 59.984638
v 64.657867 22.872543 53.614143
v 26.107132 3.584670 89.332199
v 32.155384 126.848602 61.713860
v 37.217880 125.312263 59.138351
v 21.652416 23.973085 95.425728
v 22.784227 24.752735 92.648010
v -15.951624 156.000641 37.387283
v -16.938179 155.959564 36.873779
v -14.635612 148.746017 50.954704
v 58.030636 103.357147 45.965374
v 24.151461 -5.220933 94.939613
v 23.763126 -6.221094 95.681618
v -33.281269 59.589962 77.372910
v -66.504333 61.104626 36.514328
v 7.868301 49.328979 100.848351
v 7.410872 45.904808 103.806892
v -26.766417 141.081055 51.182285
v 44.356915 84.133446 70.893303
v -13.210873 24.632347 96.979065
v 22.452967 56.321190 74.238319
v 35.028893 113.817726 68.060249
v -22.239862 10.603492 93.871803
v -59.883545 112.221275 36.578144
v -69.658188 44.749855 37.207832
v -69.967758 43.798019 36.684380
v -11.853172 -58.988426 82.585930
v -2.172715 27.482458 113.508163
v 53.583817 73.607880 66.929115
v -6.478619 66.300285 83.269478
v -4.585862 65.724129 83.955521
v 10.395963 71.178741 85.766258
v -25.454956 45.646324 75.449242
v -23.299629 44.630917 76.616188
v 27.331278 148.377960 44.555981
v 47.130135 81.944397 69.227005
v 60.658859 109.621544 36.334568
v 60.233841 110.550926 36.793209
v 60.015091 72.776337 53.040203
v 2.514929 -30.712223 95.266975
v -58.634731 70.785477 50.225071
v -18.149679 29.085052 89.126007
v 25.140198 43.753487 76.479042
v 4.159070 90.663353 84.109207
v 10.351594 -55.551006 87.038841
v 14.070562 5.973060 103.874619
v 16.717512 54.717381 74.511024
v 54.607174 82.564377 59.663994
v -33.545036 69.860680 78.598503
v -34.051262 103.137131 71.069000
v 31.170673 24.704016 85.291832
v 41.393909 116.708076 61.503422
v -26.289488 78.974045 82.267418
v 3.413854 100.788231 79.806686
v 1.584300 82.910065 86.529785
v -26.732048 29.789316 84.782722
v 12.721221 72.377563 85.610771
v 32.361866 124.608376 63.262871
v 30.588779 151.932739 35.968964
v 31.611113 151.234329 36.073025
v -67.889221 53.055813 37.449093
v -62.154114 102.361420 37.614815
v -64.688721 84.769157 37.051136
v -17.841431 155.430176 37.192772
v 69.067253 45.022476 35.949043
v 69.286903 44.217140 35.483978
v 3.305234 57.078186 93.872536
v 5.410370 56.115589 95.063011
v 46.183372 40.116993 69.953484
v -0.357941 60.391052 87.717979
v -28.484842 133.805099 56.919102
v 64.311134 31.227222 52.776440
v -34.533981 29.257788 81.260811
v -53.241646 74.649879 59.464138
v 29.685955 152.092010 36.694832
v 27.830736 153.339050 35.988457
v 38.233974 121.218781 61.682426
v 50.128582 74.650970 70.444954
v 54.561962 88.849205 58.111397
v 10.619164 36.153751 109.729019
v 61.165314 63.549641 52.810020
v 34.143261 19.567211 85.061737
v -11.090156 58.436508 75.401588
v -25.156166 33.288349 82.849564
v 33.086086 63.161003 77.104042
v -53.405365 64.678894 62.237923
v -26.194921 117.365738 70.958229
v -22.263176 95.359535 78.542290
v -59.185879 80.878571 48.572598
v -61.903412 105.744720 36.611767
v 51.812538 43.844582 62.177570
v 29.499870 138.385040 52.008492
v 14.836485 -16.779211 103.029007
v 16.766222 -17.700258 101.728561
v 12.932168 -1.005654 103.779419
v 16.874702 -1.003519 101.022591
v 59.818310 99.962578 43.906944
v 30.682829 131.898895 57.955662
v -36.408924 87.062004 74.031105
v 65.894768 84.465385 35.978512
v 5.906063 -48.027889 93.031700
v 6.380413 51.920212 99.436035
v 4.282687 48.910919 102.311707
v 27.214649 109.696121 72.798836
v -21.046730 154.458450 37.466358
v -67.624672 56.143482 36.552010
v 27.464670 -7.368556 92.920578
v 26.412779 -7.702268 94.568855
v -21.796951 81.543457 83.927299
v -69.826370 45.797626 36.586693
v 17.610773 107.234291 75.542297
v 37.422802 80.352402 77.585709
v 33.615265 26.768692 85.124596
v 36.367908 27.218838 84.313057
v 18.065186 90.454788 82.409050
v -1.412630 -22.581791 98.599144
v 18.034054 25.766186 105.752243
v -37.881523 15.064102 84.767982
v 31.269625 118.984818 67.586052
v 53.575550 115.136665 46.312843
v 46.633514 74.975784 74.238876
v 23.602800 77.901474 84.550484
v -28.680765 111.875938 71.678856
v 26.358231 29.331205 85.259064
v -46.462162 91.907990 63.816799
v 21.680504 34.514874 86.592712
v 21.588636 36.498810 86.778114
v 5.694957 46.010635 104.789497
v -38.954845 95.963486 69.194893
v 17.201040 4.757637 102.340347
v -60.404358 110.268524 36.787067
v -13.559713 128.132950 66.963776
v -8.655227 127.490295 68.270790
v 4.128140 122.485878 71.611038
v 27.734236 151.763214 39.471680
v 30.345890 148.958191 41.508350
v -54.363708 113.132996 46.671963
v -23.894524 127.352058 65.009697
v 61.697212 99.285919 38.768856
v 6.885065 157.881088 39.199631
v -18.710028 33.072094 87.952766
v 15.481552 37.383629 96.102661
v 17.005077 33.698879 97.798012
v -63.865749 63.882519 40.896408
v 62.288616 100.664970 36.910694
v 61.919975 101.672401 37.144531
v 34.543758 130.363525 56.611225
v -0.399554 -60.128319 84.845802
v -59.862251 111.283440 37.246552
v 69.686691 40.118057 35.464500
v 15.883559 83.609245 85.227547
v -21.653051 7.175374 95.029846
v -2.292709 59.720974 86.232361
v 28.197098 38.957977 80.095291
v 3.256263 -42.222836 95.860191
v -0.289775 -54.383488 91.019783
v 65.027420 36.646271 48.820602
v -64.123779 74.773552 37.512978
v -29.670454 79.721764 80.806519
v -29.531546 78.298256 80.992844
v -49.282715 92.193008 60.876411
v 13.276863 15.490385 95.791313
v -19.860008 29.157206 88.810204
v -30.227535 36.464272 78.492996
v 39.580513 79.049232 76.541779
v -43.593609 119.888527 55.697186
v -0.364861 -26.873329 95.879379
v -34.934071 7.688843 87.720711
v -23.168314 64.264389 78.943092
v -2.116895 -29.142799 94.932579
v 1.216217 1.585765 107.310097
v 40.859772 80.320717 75.486992
v 36.141670 39.912865 74.417366
v 22.699343 26.538610 92.759819
v 50.208073 84.928375 64.503059
v 24.012167 77.547714 84.164879
v 8.171247 82.404419 86.515755
v -7.108366 -59.912632 83.342964
v -53.130733 34.739937 67.604439
v 15.151114 13.267965 94.693146
v 12.078216 40.077332 101.921783
v 1.824533 -47.181713 94.389793
v -1.886835 -34.871643 95.434738
v -4.116558 -36.084450 94.790298
v -34.877533 116.778404 65.899178
v 62.958469 97.160690 37.399555
v 50.621716 130.568024 35.954201
v 22.247988 37.805336 86.227959
v -25.156040 90.011292 79.531067
v 54.589001 105.457909 51.605705
v 51.313889 106.530914 55.814728
v 13.301195 3.960063 105.053070
v 13.848067 2.189045 104.904465
v 63.837013 26.285973 55.296215
v -20.901089 1.692606 96.684540
v 33.195179 78.422806 79.896675
v 13.388021 -23.105986 94.930832
v 52.771152 76.738258 64.845566
v -59.341854 30.186886 60.791470
v 4.050415 25.245153 116.256630
v 23.687958 79.902802 83.997719
v 22.311691 83.577736 83.645180
v 50.228752 114.736717 52.520233
v -29.056875 95.417107 75.529732
v 29.804733 30.135454 85.246254
v 57.588829 108.266701 44.320541
v 26.614466 34.040157 85.253128
v 41.343208 111.544235 63.983204
v 19.173227 57.424889 73.630241
v -46.898788 52.024178 63.752995
v 26.828648 84.228317 82.187477
v -0.059025 -48.950855 93.862831
v -4.646321 132.186493 65.576134
v -53.419777 126.892761 37.001026
v 25.611763 16.508169 83.198341
v -10.349542 -55.819370 85.720024
v 7.749846 77.113602 86.932877
v -22.851540 122.507645 69.006424
v 24.812914 132.959381 60.273540
v 41.929688 81.926239 74.065331
v 10.292070 92.915222 82.620750
v 38.903454 33.240475 79.629379
v 7.903748 121.542618 71.591934
v -13.018007 36.532719 90.762726
v 3.979156 -12.736809 103.506012
v -70.226044 42.693035 36.506001
v 34.872143 12.711916 83.505486
v 5.098525 10.498995 100.478897
v 15.474865 86.605179 84.531822
v -59.164783 66.300514 49.925045
v -58.659718 63.206238 52.417152
v -10.936252 129.243835 66.842400
v 56.286285 92.794060 54.339695
v -20.835390 34.386475 85.490227
v -10.135459 3.290198 100.904678
v -67.203461 57.138206 36.968163
v 47.185760 113.265823 57.219025
v -39.472366 27.074976 80.223297
v 51.069889 80.020317 65.397095
v -11.827479 -17.442970 97.116112
v 32.947762 83.221115 79.204048
v -14.138718 -39.598221 88.298103
v 8.821511 67.790337 84.994926
v -51.913589 62.008198 64.153923
v -70.954338 27.347605 36.766315
v -60.925957 108.329536 37.032284
v 17.408281 43.356358 88.611229
v 24.535839 -45.935741 80.898491
v -13.213444 156.848679 37.057217
v 66.386002 40.823166 44.640926
v 46.320511 107.550293 60.797806
v 33.841885 102.654175 71.521271
v 41.240814 123.167084 57.041458
v 62.606602 98.656990 37.278427
v -8.515693 104.177193 78.028938
v -20.254560 130.020859 63.585850
v 18.560051 122.124496 69.239861
v 17.708660 124.823181 68.062881
v 64.474884 42.185120 47.897854
v 34.449684 88.173630 76.545265
v -12.929881 122.817162 70.408569
v 17.171755 17.093386 89.271660
v -56.402859 109.654495 44.894737
v -46.489334 18.325851 76.751648
v 11.684134 28.736765 114.060440
v 58.234123 44.585739 54.957565
v 6.164849 26.986467 116.096153
v -56.676533 85.323387 52.612190
v -33.985958 15.386717 87.734741
v -70.495041 24.651592 37.797009
v -70.480774 22.587709 37.809425
v 1.119724 -63.376251 80.492409
v 61.306980 78.753548 49.339836
v 69.131470 42.227036 36.697399
v -57.922920 23.889776 64.026039
v -4.086620 74.978432 86.997498
v 14.712274 91.438850 82.782829
v -68.730087 49.846333 37.257423
v 48.336376 44.674870 64.493690
v -27.000328 68.238838 79.232430
v 59.772507 102.816216 42.529064
v 57.133106 112.828720 42.429878
v 65.488121 31.626301 49.659573
v -3.408628 68.008728 84.950233
v 33.978409 95.371536 73.663414
v 14.969741 -21.288309 96.340279
v 26.737354 40.962257 78.389580
v 63.658249 95.022270 37.508255
v 35.758312 79.465668 78.760368
v 27.886856 26.130529 84.859779
v -70.993469 35.410500 36.674370
v -34.433056 62.853294 77.613052
v 50.765762 39.130650 67.015175
v 31.480446 40.489407 75.855492
v -65.063942 18.713276 50.192207
v -13.238082 11.575795 94.486938
v -11.256415 12.228219 94.437225
v 19.369280 11.493562 91.425919
v 21.215866 27.722216 98.106071
v 20.441603 155.478424 37.505997
v 21.399370 150.756042 45.636280
v -18.001137 25.101040 89.668167
v 29.016106 95.885056 75.963356
v 39.662033 127.915764 54.431595
v -69.401260 46.870186 37.090904
v 67.262779 47.454338 40.362621
v 66.156937 47.597015 42.869789
v -46.961201 23.212029 76.161491
v -57.840126 117.163734 36.982018
v 49.222797 28.779415 75.660835
v 58.829205 82.335564 53.322807
v -9.986547 157.800430 36.830959
v 48.096409 35.276188 72.545631
v -0.469627 129.545349 67.382202
v -1.358009 127.845856 68.295670
v 7.305233 98.187271 80.676575
v 56.643421 119.394463 36.390629
v -16.604790 141.689835 55.516186
v 52.790176 122.150154 41.351593
v -60.107903 70.957764 46.827187
v -52.885971 22.178253 70.579430
v 40.830906 65.567787 74.682549
v 12.903797 122.279579 70.550644
v 11.110718 57.812061 84.690178
v 9.868632 59.455059 85.996918
v -42.472137 31.381908 76.787598
v -8.670734 -13.312740 98.532341
v -16.632690 0.473005 99.557854
v 0.685048 110.246796 76.425507
v 62.262066 55.614002 49.900269
v 35.401508 108.312340 69.547394
v 61.258354 74.070595 49.948673
v -18.563356 120.581024 70.972900
v 44.607841 124.939514 51.473900
v -7.022364 1.879743 103.193901
v -30.848843 110.251495 71.146248
v 6.988925 -33.806232 94.667641
v 7.275921 -31.248051 94.463058
v 8.984686 -8.861256 104.398140
v 40.444450 23.765049 83.455162
v 38.082272 28.462967 83.137497
v 28.760185 -12.357062 89.276726
v 0.713829 70.428802 86.423851
v 55.688999 48.145042 56.284832
v 15.933743 15.318669 91.832146
v 1.141546 -9.316842 102.605545
v 4.686132 -6.923463 103.978058
v 3.254967 -6.109431 104.327148
v -4.940582 -9.084145 101.938126
v -6.998029 -9.724230 100.826027
v 52.232582 35.427284 68.849670
v -6.996585 73.964699 86.646851
v 2.386376 27.718323 115.764137
v 4.938931 -61.145683 84.076462
v 48.148621 116.081940 53.957355
v -47.699863 29.565315 74.428215
v 62.116581 69.869553 47.723736
v 34.478806 128.606857 58.013710
v -7.570862 101.852516 78.820465
v 39.616409 125.978645 55.740879
v 50.514126 117.914803 48.977959
v 12.688822 -10.812663 103.827667
v 17.528032 14.086992 90.830879
v 8.596891 20.071007 114.449203
v 65.727676 70.404510 37.392063
v 27.895847 49.123127 73.527657
v -61.233776 36.566795 55.669353
v -33.499672 25.794813 83.786774
v -11.189693 24.335321 101.164101
v 44.606079 46.730873 66.376099
v 15.340065 40.388527 93.997986
v 7.778958 -20.185783 98.895264
v 5.727230 -21.544935 98.100822
v 17.366764 52.786362 74.922035
v 49.350380 132.411270 36.694592
v -2.554236 96.027679 81.553627
v 1.481395 -56.476627 89.546265
v -19.905289 154.999161 37.168560
v -68.390518 52.112988 36.944519
v 9.655531 -60.497372 83.829536
v -64.486343 68.294624 37.705616
v -64.616768 69.446373 37.136616
v 19.947258 17.798555 85.248589
v 51.990097 126.868675 36.811840
v 17.814070 47.780979 79.692268
v -62.218227 56.691669 46.829464
v -15.197513 61.420921 76.215637
v 24.028109 27.611176 83.943581
v 17.046085 119.118896 71.513412
v -24.781160 21.524693 90.288483
v 24.004225 152.811020 40.670643
v 32.397331 -51.760757 70.134659
v 4.569684 -52.068218 91.627785
v -17.311001 19.200199 90.598969
v 62.521095 99.800880 36.902145
v -1.119471 -15.593245 100.863037
v 28.250788 104.683678 73.650063
v 68.361801 51.096695 35.807293
v 10.572675 -20.930258 97.310234
v 64.407616 49.123955 46.342842
v 19.857080 30.687880 97.692993
v -6.992553 87.549240 85.405518
v 1.212836 78.757790 87.110855
v 21.936396 47.377300 75.491623
v -27.426968 117.455467 70.146751
v -26.092241 113.202759 72.474152
v -3.696816 108.095009 77.089081
v 2.027600 11.709052 99.463028
v -62.152332 78.525398 42.246269
v 29.585178 -35.346748 77.239380
v -30.179335 100.460007 73.605980
v 19.153637 -21.732525 93.476791
v 15.157133 55.206100 77.170944
v 19.310699 25.811472 102.607590
v 64.151428 83.346863 41.841625
v -33.938675 38.450718 76.671753
v -20.921677 19.838295 91.109085
v 19.963520 52.660648 72.750710
v -39.784821 11.732911 83.243553
v 43.372967 131.350891 45.578865
v 21.903282 4.052663 96.843605
v 50.399212 41.738148 65.453705
v 7.966839 34.875736 112.742226
v -6.474506 80.665565 86.934090
v 30.292528 15.402119 82.750786
v 22.713089 0.087821 97.827148
v -42.278755 52.116138 67.868286
v -41.167145 53.623520 69.052650
v 42.710518 13.318944 82.411751
v 37.141712 56.013428 76.924469
v 0.513953 131.856171 65.977684
v -31.278337 7.501234 90.539719
v -56.148663 53.688324 56.711250
v -51.090717 52.998264 61.001850
v 37.215714 66.244179 76.063080
v 39.477509 68.159882 75.528076
v -24.403082 143.873047 50.901657
v -52.851078 93.494675 56.129665
v 28.779547 98.464493 75.103951
v -64.645828 86.337486 37.160480
v -26.196766 106.703575 74.083496
v 35.495571 55.258266 77.348785
v 33.903343 56.159370 77.372635
v 35.373592 43.831478 73.344414
v -33.997208 44.707321 73.055664
v 62.870125 64.264069 47.351990
v -28.921564 -2.114500 91.839569
v 65.621902 85.556686 36.477737
v 9.938688 -62.957710 80.027832
v -7.234516 21.265221 94.838867
v -8.973516 19.677128 95.092491
v -7.871197 18.879896 94.622139
v -7.557867 -50.625900 89.372040
v -12.094625 60.337341 75.705811
v 5.073450 -63.458481 80.300766
v -3.028591 -60.965000 83.535362
v 36.696114 120.599861 63.809822
v 68.277145 50.057617 36.402424
v -64.441559 79.506989 37.283497
v -64.281029 78.468010 37.862888
v 36.679993 -22.102030 74.628578
v 8.324100 108.891319 76.627937
v 65.660973 82.092590 37.225796
v 65.967682 78.619392 36.803253
v 65.879776 80.895149 36.759354
v 61.679100 63.916782 50.362762
v -41.024269 91.809013 68.847435
v 20.720510 4.562177 98.609810
v 38.899372 95.990616 70.399544
v 23.087694 23.316435 82.781441
v 49.910660 49.054497 60.913727
v -19.991167 66.149712 78.593590
v -17.662941 69.935707 80.999657
v -18.679619 68.597893 79.672600
v -61.361736 21.993200 57.921043
v 25.190937 32.686966 85.669365
v -50.741032 25.127077 72.656044
v -6.639795 61.762760 81.190926
v -13.016747 -56.999912 83.834435
v -10.264272 21.734266 97.646713
v -11.764339 20.975605 96.462326
v -9.901868 20.023600 95.679756
v 15.444926 -22.655891 94.418839
v -21.175434 111.332382 74.657349
v 18.513655 78.009735 85.461327
v 56.488968 111.649094 43.826157
v -15.147613 100.019768 78.804543
v 0.375936 76.016823 87.165825
v -36.617073 34.323990 77.804955
v -2.228995 114.654625 75.117950
v 7.889980 2.989287 106.256828
v 15.136339 -20.002810 98.135155
v -44.208672 44.837830 68.194794
v 27.205456 114.963257 70.951912
v 51.983852 109.225243 53.451996
v -5.250648 -62.789448 80.107834
v -4.568077 -11.000818 100.934830
v 10.350676 52.197136 94.512703
v 8.975336 53.401356 95.618690
v -42.892368 50.294437 66.799606
v 69.626984 39.002800 35.955677
v -39.678703 103.008865 67.020912
v -43.596756 108.277924 62.061577
v 47.853359 122.392105 49.506783
v 17.626167 -48.623837 85.233505
v 12.941012 51.191818 89.134163
v 5.369227 149.983612 51.948433
v 0.558436 -39.908314 96.368988
v 6.389917 -28.136845 95.294189
v 17.127905 35.115154 92.965515
v 26.092484 57.059002 76.076035
v 8.575418 62.516724 85.419891
v 9.814855 62.708214 84.256653
v -13.563531 69.233398 82.153122
v 3.284380 131.356888 66.549873
v -13.280306 26.322666 94.389320
v 28.167542 91.829498 78.411774
v 22.911482 140.090500 54.595772
v 28.665661 87.063072 80.180252
v 38.976723 62.812489 75.684479
v 20.108801 3.435753 100.170700
v 17.100361 6.771647 101.455986
v 9.178293 42.844002 104.661865
v 37.826851 15.913761 84.267982
v 0.761474 39.159878 109.088928
v -8.812060 -36.255348 90.172951
v -10.045749 -36.346397 89.821381
v 54.600212 75.023804 62.474106
v 69.758636 35.248997 36.303089
v 69.945831 36.241467 35.676445
v -70.248611 41.550182 37.060261
v 69.912460 38.030556 35.287571
v -1.424916 -41.753937 95.795792
v 47.510605 79.020851 70.678162
v 14.010659 46.521938 92.020653
v 14.500780 25.480885 112.811188
v 15.738968 27.802254 110.472687
v 13.312495 26.436987 113.911652
v 68.078758 52.104412 36.266689
v 13.311056 0.360077 104.568047
v 12.576232 -2.811233 101.721802
v -67.607689 32.445080 44.299038
v -12.662360 27.787071 89.232010
v -39.195641 45.833637 70.659203
v -35.753433 44.074097 72.538353
v -3.486088 12.517431 96.155205
v 3.787142 132.883224 65.180244
v -13.094533 114.671631 74.533531
v 14.910547 51.037964 81.738602
v 28.052883 102.821602 74.089905
v -15.060598 58.578926 75.036217
v -15.954037 59.547947 75.850891
v 18.885042 -60.481972 77.373634
v -41.059361 36.430504 75.216309
v -1.904376 -50.485569 93.120857
v 27.701920 -2.844520 91.592400
v 62.145344 43.526127 50.989849
v 26.878105 35.097103 84.890221
v 5.131516 -59.295887 86.389526
v -7.384330 133.146332 64.529343
v -7.339510 134.606674 64.067734
v 9.314863 49.785046 98.861565
v 1.709478 23.425508 115.628517
v 13.803950 43.588428 94.629883
v 60.678112 -5.281199 53.112949
v 18.704998 41.374516 88.385353
v 44.793774 56.845627 70.727501
v 8.594522 59.951859 87.400482
v -56.456806 50.936764 56.447468
v 59.162777 64.824677 58.339420
v 2.704277 51.994808 99.532928
v 13.865829 29.801546 111.792137
v 23.683102 154.752274 36.409111
v 24.681194 154.077911 36.820168
v 7.581431 53.272446 97.211327
v 6.994085 7.854814 104.146568
v -7.807020 94.870422 82.019279
v -5.975226 -46.154663 92.996819
v 7.293789 -18.508516 101.144730
v 19.384581 133.829422 61.735340
v 21.526028 -15.153744 99.629822
v 17.925068 -15.079971 102.195839
v -23.305738 133.203094 60.624363
v -55.975403 107.516296 45.503723
v -71.259415 34.331642 36.158398
v -26.560177 4.955434 93.629578
v 43.420277 64.858315 73.245995
v 41.181820 39.916313 72.590874
v 29.436880 5.420002 86.256691
v 54.511539 70.760887 66.902260
v -6.465318 3.478495 102.646843
v 13.074455 -18.673973 101.589249
v 16.729172 -18.659655 100.372017
v -49.874622 98.549820 58.470985
v -68.611099 21.785177 42.207436
v 3.677151 32.788486 114.439232
v 20.000713 31.745640 89.314606
v -59.639961 54.706715 51.918194
v 59.240620 32.458549 61.558434
v 17.665224 -16.127052 102.083603
v 5.001733 19.086874 114.092522
v 2.759473 135.225143 64.150703
v -5.624696 27.208872 109.164978
v 9.600689 127.545654 68.138054
v 7.409628 125.330223 69.631012
v 68.088654 38.826405 40.034019
v -12.919970 82.169868 86.169151
v -62.374073 42.039448 51.825630
v -53.496948 87.956627 56.676716
v 9.272459 103.548698 78.152908
v 22.682266 154.864899 37.120171
v -9.485160 -5.494197 102.598595
v 54.393124 79.171188 61.010212
v -1.125859 119.736053 72.851456
v 13.428843 101.991730 78.017555
v 11.882816 36.887112 107.210098
v 15.581782 33.097202 104.979515
v 5.382166 127.050430 68.864037
v -67.552658 15.415042 43.301739
v 28.551615 -9.290427 87.769691
v 26.840450 153.383911 36.649670
v -6.898715 -64.421425 75.859825
v 8.425443 65.197472 84.915764
v -8.803365 7.387255 98.696472
v -18.794792 155.506073 36.710239
v 20.208015 42.567741 85.270538
v 1.309562 -34.262951 95.643318
v -35.699818 56.127522 76.065956
v -32.927727 2.717846 89.289406
v 18.373507 9.961384 94.724876
v 28.829222 14.104798 82.740250
v -4.907588 -39.730743 94.439537
v 23.804495 31.556141 85.497917
v -15.638950 57.147572 75.103569
v -18.038826 -57.934555 78.336922
v -17.630342 3.499883 97.973854
v 0.894946 10.188770 99.396667
v -0.176463 10.866298 99.021767
v -64.450981 89.997154 37.168690
v -50.203609 103.581245 56.634243
v -54.611195 48.100147 58.461750
v 8.756441 6.441031 105.009262
v -69.481018 47.942539 36.351063
v -37.618206 3.629736 84.847031
v -6.001176 -27.362402 95.992836
v -4.433053 -29.941431 94.261803
v 12.166249 114.225868 74.340118
v 24.896671 23.708359 82.757721
v 31.679815 19.956554 84.540245
v 28.657286 58.353230 76.719658
v -44.220879 60.251717 69.599777
v 44.907639 14.552407 81.343529
v 23.330873 94.256744 79.090317
v -69.456207 13.690761 37.327099
v 7.208461 59.428810 89.678963
v 56.265434 39.890377 60.438011
v 1.766752 140.084457 60.398388
v 8.902331 28.432549 115.381447
v 48.717701 24.883539 77.636887
v -30.123751 41.398563 76.490639
v 60.100433 111.488564 35.973995
v -41.999252 19.513639 80.699860
v -39.171242 42.785969 72.049400
v 1.229195 91.090286 83.865700
v 10.415954 47.082569 99.155983
v -10.813367 -61.393349 79.832077
v -30.269773 83.948502 79.080772
v -57.882732 116.213951 37.676701
v 20.827677 45.680317 78.287544
v -17.601583 46.838249 77.089310
v -16.229908 50.690880 74.683044
v -10.512146 19.188519 94.408424
v -8.390777 17.501610 93.675812
v 68.552277 47.912704 36.560200
v -26.909838 81.169945 81.688187
v 29.034964 42.147717 75.764656
v 13.226263 -59.603161 83.308723
v 15.756098 30.600363 108.790581
v -67.952713 54.133064 36.669304
v 59.271664 37.546497 57.977421
v -66.664062 10.591636 43.498436
v -63.292343 29.203400 53.629448
v 6.148296 14.519050 100.776192
v 7.945790 14.161482 99.605019
v 18.328459 28.140259 104.946655
v 21.449665 25.758223 98.025352
v -16.774855 154.736237 39.736389
v 27.876886 -10.441139 91.510658
v -69.140892 12.601190 37.867916
v 22.397161 142.849533 53.072392
v 70.022552 34.132187 35.768200
v 67.285820 37.551899 43.009052
v 68.597382 49.003395 35.910500
v -61.492714 49.729137 50.221138
v -17.836475 65.180542 77.779068
v -16.629185 65.987564 78.084335
v 9.724500 -33.893929 93.288284
v 20.968184 59.249725 74.377029
v 45.894653 87.945099 67.926941
v 9.816572 -49.364689 90.893929
v 32.773209 66.008751 76.789619
v 70.159927 32.815109 35.281841
v -12.393830 70.126404 84.044128
v -11.420881 71.165199 84.998123
v 26.875418 -9.145419 94.929863
v 8.669682 133.152481 64.353615
v -70.645973 23.486181 37.332569
v -10.954661 -34.346558 91.186150
v -19.353584 4.675370 96.573341
v -40.926105 6.758733 81.675255
v 11.207403 63.339375 82.889008
v 8.833368 56.922836 91.089600
v -11.081525 -42.981049 87.229370
v -10.380641 -45.962177 87.767418
v -3.553589 -58.531754 86.179634
v -5.523629 -57.899204 85.998283
v -14.181667 120.286919 71.839401
v 16.412182 -7.277794 99.677361
v 16.334457 -6.449793 98.108269
v -16.877369 7.454217 95.928551
v -25.647795 -5.011557 93.423737
v 21.968800 43.608307 80.154068
v -8.014085 10.790801 96.013290
v 6.406358 -39.624748 95.147659
v 57.684521 117.429893 36.412556
v 68.823814 45.952057 36.382057
v -24.002274 69.562241 79.683723
v -20.582100 63.245529 78.294754
v 36.327789 68.657608 76.404022
v -13.103670 22.771481 96.013603
v 8.902665 18.520554 112.612907
v 53.387108 103.299103 54.801590
v 18.889803 138.599976 57.788525
v -23.570335 -15.699368 92.443756
v 14.636292 -57.361065 84.334785
v -7.771527 -70.571968 37.215000
v -7.862727 -33.232853 91.944016
v 34.219536 60.862022 76.562019
v 20.980076 -19.574806 95.678391
v -48.045502 35.311234 71.723557
v -37.798641 59.096138 74.819221
v -8.605654 108.454422 76.788414
v -1.328017 -25.067926 97.207733
v 2.920054 62.157619 87.801140
v 4.752235 59.603191 90.756287
v 4.602471 62.515850 87.519089
v 44.014610 27.745459 80.140984
v -59.532280 17.649078 60.589409
v 17.497849 58.620132 74.093735
v 45.919212 62.902458 71.136230
v -24.156635 129.869858 62.697628
v -42.488045 66.387016 73.868965
v -57.947517 47.452877 55.654850
v 40.657837 19.615160 83.840714
v 65.361771 60.187225 41.091984
v 38.562836 110.683121 66.728745
v 21.711834 155.423859 36.668766
v 49.065582 54.289612 63.702835
v -61.348515 84.058449 44.272972
v -61.136734 89.579041 44.132240
v 43.524632 23.123631 81.864044
v -17.951235 83.564224 84.759628
v 12.695266 -46.012138 89.786423
v 6.767852 -56.001926 88.354286
v 16.049047 -38.126019 86.160347
v 29.617664 63.618595 77.104767
v -6.526931 12.076795 95.086189
v 38.848526 30.350838 81.735718
v -53.617779 30.928280 68.591614
v 23.424551 -11.240980 98.640953
v 11.563066 60.285858 82.647331
v -17.432888 -2.513999 99.324448
v -12.875141 -69.785118 37.116871
v 6.536342 42.366329 107.494087
v -46.223862 11.627158 76.266205
v -3.697911 103.260300 78.522324
v -6.190271 -7.492816 103.358711
v -4.699215 -5.559295 105.808922
v 16.144865 -10.092090 102.311531
v -24.989508 40.658470 78.241844
v 16.017792 57.873692 74.937912
v 3.046740 20.412231 114.708092
v 66.421516 27.641226 48.254860
v 66.136543 23.722137 50.295219
v -12.435367 23.879915 98.620239
v 6.543773 135.430389 63.705826
v -17.888218 -15.088349 95.791313
v 15.618225 -50.604942 86.146179
v -38.191502 111.560684 65.603218
v 66.722557 60.968021 36.927013
v 69.721001 37.523937 36.197289
v -16.357660 69.696648 81.584091
v 41.723446 35.912735 75.744041
v 6.843144 -17.166842 102.410469
v 37.896297 43.717659 72.360901
v -14.615816 33.549603 89.569763
v -68.034920 38.732101 42.842865
v -38.742538 40.294479 73.943359
v -64.657417 80.563515 36.853107
v -64.460510 81.656006 37.459629
v 16.389708 -58.732574 82.116875
v 26.443666 -12.192729 94.927643
v 29.251936 66.442596 77.003792
v -21.681730 29.604397 87.879013
v -22.834454 25.498051 89.346611
v 45.055145 94.317032 66.421883
v 28.854689 18.067547 82.652351
v 36.260010 -2.339943 80.034584
v 52.345776 73.936935 68.199661
v 40.414513 70.465973 75.629517
v -22.745750 86.422104 82.138565
v 47.380451 -6.578261 71.472092
v 68.870667 14.445078 36.864185
v 68.837608 15.572994 37.380630
v 29.534176 12.313557 82.897263
v -64.377220 70.556801 37.578197
v 27.594126 -13.524625 91.747070
v 27.842821 51.027744 72.326683
v -11.696287 -49.719246 86.275757
v -58.726860 75.768974 49.302357
v -10.723465 -3.988623 102.315041
v -17.680964 -45.517288 85.062088
v -14.400257 -50.064972 85.157089
v 7.289935 116.580086 73.895653
v 35.834244 57.994644 77.181442
v -19.070335 -55.541862 79.645668
v 2.201331 14.141836 100.175117
v 3.943803 13.996157 100.504410
v 3.654757 15.315308 102.849724
v 17.899431 50.435535 76.541351
v 39.156216 77.223808 78.734367
v 37.900040 78.683167 78.742004
v 41.398163 55.355301 74.842834
v 39.696133 57.837223 75.881210
v 15.868463 9.732099 97.541252
v -23.934795 71.523056 80.802696
v 13.589036 128.330154 66.889915
v 20.853363 -11.190498 100.271790
v 9.860653 131.018784 65.622879
v -4.751824 -1.816326 106.436127
v 20.382193 98.759575 77.743324
v 9.867949 -20.059668 98.828003
v -46.862854 105.904091 59.760731
v 25.273746 97.543694 76.752602
v 6.914561 16.436264 109.307770
v 6.908314 17.813822 112.348358
v 15.074993 97.769318 79.617874
v 23.682095 65.210075 76.361954
v 25.292908 68.226128 77.771233
v 32.307419 11.184274 82.485985
v -15.393182 -60.131882 77.671204
v 25.572384 0.215256 94.024063
v 35.616791 1.302978 81.399818
v -71.384766 32.227997 36.028324
v -25.863932 36.433556 80.100624
v -14.707911 95.640152 80.807152
v -31.025476 106.889107 71.796318
v -23.027464 57.881691 78.901886
v -64.429070 83.757072 37.573906
v -55.427311 59.261036 58.287338
v -25.199400 101.645409 75.560631
v 4.231552 8.637778 102.755280
v 3.200486 9.995304 100.535545
v -55.722576 28.629990 66.795723
v -18.346758 108.560402 75.974861
v 31.019066 9.851507 82.926277
v 28.361610 10.611636 84.191200
v -18.873047 9.712748 94.364655
v -50.781906 84.811523 60.899345
v 12.338643 6.862912 103.680283
v 1.388151 -41.665276 96.261078
v 13.495523 -26.068138 93.596741
v 59.474319 51.033443 53.080505
v 16.583590 127.780212 66.354820
v -9.270031 68.114227 83.630508
v -19.116436 94.462166 80.022133
v -43.546871 35.566032 74.386925
v -9.105697 -2.701873 103.152725
v -17.631878 89.978340 82.646133
v 20.531668 64.697777 76.087593
v -0.655697 -11.635348 102.156181
v 69.890213 31.744345 35.942837
v 70.003342 30.565802 35.405354
v 27.118013 -40.207203 78.941376
v 43.960918 76.872719 74.974380
v -34.451057 42.214500 74.395348
v 29.955578 -11.466997 85.907425
v -1.459720 132.597351 65.063507
v -21.596519 13.839464 92.952332
v -2.127072 -14.538983 100.948593
v 19.795460 32.761547 88.304314
v -21.436613 137.202560 57.636055
v -4.505877 -70.348106 37.860798
v -3.432086 -70.621986 37.349567
v -63.739086 22.390825 53.136330
v 7.162514 86.131828 85.577698
v -0.086532 22.086834 113.966637
v -54.607216 53.393967 58.185070
v 10.629149 -7.385740 103.959709
v -70.683090 20.426680 36.457443
v 43.429752 104.660896 64.485512
v 16.404749 46.770817 86.247261
v 3.181365 -39.376495 96.268265
v -13.967050 -53.681282 84.645958
v 0.224108 20.480095 112.615677
v 18.770281 -62.308426 73.952011
v -2.581479 0.773301 106.758514
v 16.167854 122.727280 69.715591
v -2.797633 10.791745 97.929413
v 39.826248 54.620201 75.437141
v 3.108032 -65.649910 76.025658
v 52.915878 26.573662 72.765900
v 9.806946 -64.566360 76.597900
v 41.877453 59.826099 73.784653
v -22.461418 0.387868 95.924004
v 54.420189 123.111450 36.610413
v 54.186226 124.058167 35.820995
v 21.070786 29.251856 87.912392
v 0.478451 -3.099762 107.390137
v -14.306806 51.101330 75.204742
v 3.742933 106.698647 77.616737
v 23.129217 103.724655 75.390678
v -6.826062 141.234833 58.606228
v -18.961031 100.393959 77.912125
v 23.569956 -17.411871 95.741226
v 2.870109 117.626770 73.585426
v 0.223890 3.526191 106.182991
v -14.728424 -37.859184 88.899513
v -8.787547 62.230064 78.788704
v 20.595743 -41.387386 83.591110
v 21.725899 -37.642658 82.610527
v 5.227731 -37.340527 95.738976
v 32.548477 0.808656 85.148140
v 36.230183 -13.536546 77.565811
v 4.321103 5.749996 105.157349
v -65.851631 38.253429 47.075260
v -43.780128 42.285545 69.990234
v 39.419258 90.732193 72.234695
v 22.284185 32.925499 85.997658
v 21.500322 30.372307 85.597374
v 17.213896 -23.938948 92.643219
v 39.806301 10.846684 82.752594
v 37.797264 4.580635 80.748116
v 22.750259 29.473297 84.647377
v 2.260638 13.241760 99.691719
v -20.558277 71.784500 81.875916
v -45.284569 -10.470145 67.964493
v 15.969574 25.956192 110.398003
v -13.235185 23.176147 93.640167
v -45.481827 28.023640 76.285843
v -32.485870 42.601639 75.051262
v -28.057974 44.299408 75.047523
v 23.467524 1.479941 96.640190
v 17.291565 29.898056 106.350746
v 43.759624 7.533112 80.405907
v -16.167015 14.429249 92.117920
v 20.974463 29.257277 86.555519
v 59.522781 19.513687 63.832935
v -15.727976 123.569107 70.096481
v -16.038782 125.008942 68.664742
v 30.387625 -2.193956 86.978592
v -25.521782 63.665909 79.049896
v 67.904037 53.069046 36.571163
v 5.831612 11.422531 99.946129
v -5.631724 -70.621140 37.262478
v -12.810585 -64.594887 70.840874
v 12.995493 54.909531 81.106888
v 14.828668 -2.879805 99.823334
v -48.085987 109.924736 56.680508
v -12.919515 -34.189369 90.911621
v -23.278938 76.860184 84.432899
v -24.112003 77.927101 83.962082
v -17.431854 -9.630105 97.167419
v 26.541035 -19.422783 88.120132
v 9.740589 -44.677261 91.940315
v 47.476627 48.361988 63.449692
v -8.235825 -44.046543 91.159233
v 54.354229 50.212166 57.500141
v -38.956219 -49.055908 57.919476
v -57.844090 -24.547060 42.015854
v 45.234692 42.244785 69.077911
v 42.518700 44.601379 68.981667
v 0.322528 133.025131 65.145035
v 14.995180 -61.943768 78.870903
v -36.910358 -1.814721 84.368477
v -71.082626 33.239868 36.615795
v 11.763386 -30.712856 92.799324
v 60.647434 47.334656 51.903625
v 27.879187 -7.718112 89.902626
v -6.490081 16.868303 94.411606
v -9.680429 17.215700 92.258324
v -5.380290 -18.858688 99.103226
v -23.555855 72.962059 81.976532
v -62.527771 -14.404131 37.783863
v 48.058723 50.130741 62.943371
v 47.185520 4.630091 77.017509
v -68.214409 8.333282 38.001705
v -12.692035 65.766624 78.730484
v -8.311477 64.713593 81.327080
v 4.154672 17.740814 112.124626
v -3.844296 -64.673027 77.226524
v 25.776196 153.951614 36.201717
v -40.342052 62.996002 73.900276
v 20.061535 146.983063 50.178802
v 20.849995 153.256119 42.196724
v -7.674037 -26.566261 96.052254
v 12.542304 65.363297 82.486145
v 45.777699 45.539829 65.687286
v -25.469748 72.606186 81.463577
v -21.569176 -2.884717 96.050842
v 10.787938 43.722652 100.807312
v -15.544487 -44.832550 85.888588
v 9.964401 -2.304518 102.261749
v -8.191358 77.786003 87.019798
v 51.363701 17.225254 75.975601
v 25.486837 -10.731105 96.773674
v 64.097633 54.489048 46.294071
v 24.411232 118.777473 69.750450
v 11.633635 -53.291866 87.487755
v -11.619154 -69.801102 37.664001
v 53.232758 117.535828 45.616505
v -10.115589 124.812340 69.382652
v -12.220708 91.197639 83.238777
v 7.813273 -66.454895 72.587204
v -9.865650 99.391006 79.684593
v -10.762441 -22.334921 96.441422
v -64.409554 73.707542 36.924931
v 21.119719 -0.559306 99.057663
v -63.449287 86.106331 39.954407
v 11.560725 20.921379 113.806213
v -11.076476 16.522974 91.569580
v -13.057757 18.258642 90.642921
v 19.380074 -52.240139 83.756828
v -12.712611 -43.531525 86.426971
v -64.735321 82.757088 36.899513
v 49.720642 90.798309 63.174759
v -17.299719 133.945328 62.371780
v -46.935257 74.296654 69.303146
v -20.853758 -19.853798 92.750542
v 10.949642 135.115128 63.151024
v -26.675686 -32.396954 83.501579
v -54.726246 6.441142 63.646378
v -56.954620 92.441017 50.408878
v 30.267559 56.712364 77.029251
v 65.195251 10.692204 49.916248
v -69.349899 14.810665 37.980045
v 14.039536 34.817772 106.068565
v 55.700565 18.450882 70.329803
v 20.822918 -17.631048 98.939125
v 47.190781 17.977667 79.915726
v -19.454325 -43.788406 84.407799
v -22.594402 -42.087410 81.624023
v 21.605536 -5.888462 96.745941
v -64.563667 -6.551162 38.051891
v -65.569748 -3.012046 37.690449
v -8.505034 -65.870628 71.333672
v -2.130085 -67.002762 71.319893
v 16.669426 69.105339 82.588791
v 13.956412 67.546516 82.900528
v 66.726768 62.094185 36.272041
v 21.688505 67.171661 77.800491
v 38.616825 -58.826431 52.653488
v -21.153278 -48.840607 81.233200
v 13.100586 57.636295 79.952744
v 33.269016 6.292678 82.794945
v 15.990681 -3.742670 99.204643
v -14.508252 -29.419434 92.536270
v -18.651314 -29.555597 90.505531
v 32.835609 69.665268 77.288208
v 61.418953 49.689133 50.855423
v 28.315275 -55.942879 71.459236
v 17.541941 33.853321 94.104691
v -65.358200 14.621387 48.154301
v -47.881184 71.963417 69.982986
v 45.851891 74.775627 74.673485
v -7.527275 112.465401 75.524338
v 17.957230 8.868843 97.096436
v -47.899578 73.403954 69.600281
v 24.726501 -8.778740 97.172043
v -41.280277 58.007629 71.276207
v -28.353840 -12.018468 89.617493
v -9.942680 59.305901 76.232269
v -69.025314 10.473533 36.912464
v -35.736820 72.192032 78.421165
v -10.552977 85.757172 85.561432
v 66.042114 64.383972 37.530296
v -62.067532 -9.111759 42.469280
v 25.174751 -68.852570 38.008320
v 22.946651 -69.797050 36.935749
v 53.946869 70.245491 67.205658
v 17.551323 7.663198 99.974442
v 18.547869 45.961498 82.167381
v 56.307232 -25.405066 51.734047
v -16.683153 72.011162 84.045303
v -47.207878 72.265289 71.307480
v -45.872581 69.907501 72.124969
v 14.463617 -7.484460 101.698990
v -33.050179 72.325348 78.930466
v 21.747641 70.764915 82.252258
v 22.559143 72.040619 82.781441
v -17.889240 -62.399464 70.465469
v -64.176346 92.408928 37.051353
v -40.060947 72.364738 77.391220
v -39.170319 70.385040 76.925430
v -25.237762 -46.626801 77.003410
v 37.669083 1.651138 80.027733
v 41.179543 2.950240 79.409180
v 20.164459 -57.319187 80.227280
v -26.505455 57.079311 79.310966
v -38.726784 76.530899 78.300896
v -39.556019 77.583931 77.238098
v 38.973965 -15.009520 75.946060
v -0.583573 13.803071 98.649246
v 0.046834 14.844136 99.542778
v 10.340302 -59.124573 84.977776
v -13.234150 124.821281 69.162888
v -12.567244 -66.147690 66.555000
v 17.325129 113.210861 73.764214
v -70.197411 18.293592 37.671421
v 25.627256 115.835251 70.709808
v -53.093166 45.163376 60.971893
v 58.589634 2.876045 59.822124
v 18.366602 -63.881714 71.115883
v 9.960746 1.699757 105.908730
v -58.209755 12.640473 61.274963
v -50.192513 68.315453 67.397537
v 17.613636 -36.527004 85.201088
v 7.303062 -23.459080 96.751480
v 65.865189 77.446404 37.386349
v -40.742668 -16.646942 72.390732
v 37.014317 60.786339 76.098122
v 39.031429 60.322517 75.510452
v 11.266179 -43.514549 90.914818
v 15.530854 8.286292 100.578987
v 55.316029 10.038937 68.796440
v -61.063484 -1.042134 48.758503
v 61.899715 60.099205 50.222069
v 54.733025 33.868855 66.879242
v -13.273467 20.695572 89.529388
v -12.274789 -46.393467 86.072624
v -36.071411 55.241138 75.369171
v 53.359562 95.698524 57.662418
v -46.237789 74.984627 70.712494
v 22.346403 27.945377 90.158653
v -52.644173 57.501514 61.281818
v -33.287735 -4.688336 87.385368
v 2.591753 -59.210533 86.726837
v -15.173031 106.433884 76.829399
v -62.601757 -13.264151 38.501244
v -57.459709 -20.525410 45.334126
v -6.729260 -70.304008 37.817829
v -10.002810 -70.428139 37.134365
v -43.081345 69.351044 74.134148
v -67.786972 6.255588 37.737869
v -14.092460 -5.549175 100.447388
v -6.111478 154.029053 45.988121
v -63.639530 -1.946024 43.053772
v -4.064870 128.023331 68.442825
v 53.753223 52.600502 58.808689
v 49.356903 22.423082 77.714241
v 18.563757 -44.860752 85.111504
v 29.975283 68.636642 77.446663
v 35.573368 8.358160 82.131111
v 29.040888 -15.515026 86.852211
v 33.187885 2.812784 84.221512
v -7.133117 122.573807 71.119980
v 40.347042 -7.676561 76.427658
v 28.346226 36.911766 82.727058
v 12.496186 62.492985 81.523827
v 5.631066 16.048399 107.639900
v 4.197111 16.123995 105.473251
v 19.012613 -55.397812 82.689415
v -70.733223 25.737482 37.130428
v 16.074467 67.182465 81.609215
v 53.833744 21.597506 72.851746
v -37.957817 78.163673 76.990814
v -53.035152 60.683189 62.038639
v -19.816849 145.845200 51.593533
v -65.241852 6.825144 44.502857
v 62.979572 19.458879 57.395378
v -18.407757 118.132339 72.541008
v -7.893155 14.036932 93.125061
v -14.768536 156.576370 36.860256
v 58.017311 54.420364 55.445122
v 62.906178 10.595178 55.525932
v -0.822308 -70.400017 37.481762
v -2.077769 -70.828743 36.911907
v 27.728235 0.013811 89.887306
v -18.754444 78.065720 84.947281
v -4.338887 -67.728485 67.395233
v 0.319172 -70.540092 36.844181
v -4.601205 -7.808331 103.555710
v 18.010981 55.463017 73.388489
v -40.198666 -8.037480 76.681427
v 9.279984 140.260773 59.508434
v 20.593517 -69.996956 37.047070
v -14.337612 -14.348747 97.165787
v 41.353050 -3.846851 76.836601
v 38.003059 -4.340390 78.293472
v 30.517391 -5.084168 86.532059
v 22.973618 -20.989395 90.754211
v -18.384850 -68.057213 37.183926
v -51.450844 15.370866 71.108971
v -57.166458 -13.608406 49.188747
v -18.938351 73.582413 84.195045
v 24.356247 -62.277752 67.330696
v -12.553191 63.914024 77.373642
v 29.101803 -8.438808 86.824242
v -47.055168 0.981446 70.922783
v -68.198555 7.325166 37.351303
v 56.254375 24.148169 68.924591
v 19.059338 64.658447 76.467613
v 26.685019 60.448982 76.242920
v -3.982188 24.690329 110.713341
v 15.730033 60.434261 76.003738
v -15.014524 -68.877831 37.998943
v -16.139303 -68.751671 37.322529
v 21.747696 -69.671257 37.579494
v 63.837368 -6.319925 46.641182
v -5.074548 120.961823 72.305466
v 34.186913 -0.797274 83.598114
v 13.996490 61.760983 79.449684
v 4.305184 52.776203 98.933777
v -7.712656 151.351242 50.158382
v 3.475006 -67.862694 69.172691
v 49.789936 -35.160088 58.864063
v -39.584999 75.072525 77.501907
v -64.358124 75.702827 37.018955
v -19.322802 -67.414162 37.770683
v -18.614458 -66.871544 40.916145
v 2.853479 0.074822 107.502487
v 2.928261 16.152430 103.619980
v -18.434141 -7.697333 97.032707
v -33.147312 -47.595631 68.090851
v 48.729416 61.721531 68.288033
v 9.894815 -3.061121 101.828659
v 34.556210 7.466024 82.126068
v -51.451599 -16.921246 56.466011
v -67.811111 5.191374 36.911163
v -67.313042 3.992659 37.543140
v -5.065478 -3.734375 106.311424
v 58.864182 13.762762 64.242004
v -70.142853 17.112429 36.990501
v -0.101692 -9.761497 102.088814
v -8.870421 -70.150902 37.732201
v 9.602274 14.654136 98.548500
v 8.403587 15.547690 100.422119
v 9.985700 7.966134 103.202705
v -22.363438 -58.699768 71.003677
v -9.908953 72.556152 85.851593
v -9.753078 -39.995491 89.067924
v 17.118290 -69.543114 37.611710
v 18.280586 -69.963013 37.088055
v 19.394398 -16.946039 100.746826
v -11.475111 22.397186 98.228394
v 68.889160 46.816574 35.960335
v 50.841618 10.002706 75.242310
v -6.756888 -39.917671 93.019806
v 40.665386 -17.048698 74.204201
v -10.696885 122.015610 71.187309
v -8.647444 71.633919 85.970566
v -62.355766 11.171898 53.032108
v 13.189463 -3.466945 100.813515
v 35.393280 70.887383 77.347382
v -16.158510 -40.253139 87.482651
v -46.375710 7.525615 74.812859
v 12.257795 146.829468 52.984745
v 22.451895 -59.489532 74.132240
v -3.708894 -31.773994 94.204369
v 18.607378 -3.869282 98.234573
v 19.151058 -2.269861 99.187027
v 46.303623 31.972122 76.195389
v 16.190701 17.161697 91.554649
v 56.060043 66.728958 63.518902
v 56.796257 67.982292 63.094997
v 54.787067 68.093750 65.980446
v 32.835751 -20.674948 78.953156
v 69.723442 29.332268 36.031044
v 25.347946 123.630493 66.779533
v 29.467833 -59.779495 65.236679
v -36.279808 50.938606 71.536789
v 20.709391 -22.249453 91.632332
v 48.341499 10.141897 77.920120
v -48.145920 -12.107841 63.035679
v -7.197328 -35.065216 91.970833
v 2.571565 -69.795296 37.923000
v 3.613730 -69.893791 37.221386
v 20.381718 120.043449 70.263824
v 44.968731 -50.120827 56.417828
v 25.235062 -0.757741 94.980568
v -11.890874 22.162165 89.527977
v 24.804039 -1.827194 95.334610
v 7.532583 -5.506273 103.464767
v -8.701299 -7.969569 101.644241
v -21.781929 141.583328 53.433216
v 52.484917 -27.656712 56.512070
v 57.230148 -3.579860 59.108372
v 28.468155 0.528778 88.384094
v -45.713772 -45.541229 47.514244
v 35.131321 3.784625 81.815529
v 18.457998 -9.216529 100.297035
v -1.955386 -9.111367 101.917534
v -64.499008 71.942307 36.974361
v 8.272226 -68.588341 42.441196
v 29.966715 -49.351398 74.306564
v 65.617996 -17.048861 37.905861
v 17.450550 68.196465 81.540451
v 23.961054 126.564888 65.250908
v -66.457062 -0.444621 37.044785
v -45.607758 -4.603837 70.175308
v 27.177279 70.701920 79.374146
v 5.500371 -69.718803 37.073223
v -28.595387 71.708282 79.846771
v -28.282187 73.689651 80.719406
v 34.736778 -64.704208 37.031231
v -23.235996 -60.796780 65.435898
v -36.242245 60.115860 75.969475
v -50.093342 64.352669 66.883163
v 11.955363 11.596169 96.951164
v 41.102879 -45.249668 64.903137
v -32.415432 45.790607 73.606819
v 39.763512 -37.980949 68.019577
v -0.701365 154.147827 46.747204
v 61.922459 26.607458 59.177227
v 33.499367 71.973648 78.715614
v -22.286646 -30.566797 87.895256
v 6.048843 15.350163 103.186668
v 43.164532 -30.975176 66.420761
v -17.142014 -35.780392 88.113106
v 23.304413 -68.101761 41.150410
v -54.760899 14.058011 66.807869
v -10.859130 153.731216 44.887238
v -16.633284 145.791397 52.815022
v -23.184345 -40.329678 81.779373
v -17.769812 -41.332985 86.225891
v 22.705435 -51.684158 81.344231
v -41.557415 46.307758 69.210899
v 46.381393 52.666748 66.898148
v 47.697647 53.804127 65.188148
v 45.559109 69.292908 73.361923
v 31.668074 -66.480202 37.242577
v -63.988907 -9.013302 37.854584
v -64.495735 -7.770043 37.309177
v 3.933943 -2.241949 106.633621
v 30.271471 -19.681602 83.359138
v 15.080915 69.815666 83.989677
v 39.311180 -56.992897 55.897331
v -63.070656 -12.159715 37.946865
v 17.998051 0.537745 101.374580
v -11.168504 131.807999 64.597389
v -13.262147 132.990723 63.825123
v 35.376675 -22.628344 75.309509
v -20.786596 116.875603 72.766296
v -31.440626 -15.678417 85.255959
v -36.141705 -15.116812 79.642395
v 30.205927 -32.041512 77.654587
v 16.175343 -69.753937 36.971905
v 33.425686 47.668076 73.072945
v 30.765106 48.910789 72.992577
v -50.815186 -38.312069 45.179466
v -31.116375 -24.190334 82.503342
v 28.419464 -68.036530 37.124897
v -30.740656 -38.810280 75.591125
v -34.184448 -41.031971 70.721725
v -56.461597 -6.173777 53.795830
v 20.136696 33.664501 87.515678
v 10.156294 10.094873 98.148781
v -38.061310 51.350315 70.746895
v -40.363842 52.540337 70.120827
v 34.954247 -37.758198 72.537178
v -10.722085 62.631874 77.242554
v 59.554581 -10.753653 53.338932
v 59.608402 -30.187498 42.800472
v 4.510118 -69.495369 37.776409
v 50.870090 -37.423454 56.533894
v 37.987720 72.156273 77.244698
v 32.297066 -55.483448 67.318840
v 17.962971 154.580704 41.512493
v 34.659485 -11.014150 79.244713
v 49.324886 -22.652042 61.437756
v 17.918324 69.261757 82.850929
v 53.905262 1.449063 66.729134
v -66.855324 2.898919 38.020748
v -66.861252 1.753549 37.240536
v -66.430908 0.682084 37.778370
v -52.149155 -33.586639 47.108658
v -61.400833 -18.018026 37.843838
v 65.727402 86.727745 35.757118
v -50.639744 -24.536730 54.733219
v 45.705997 -28.606182 64.307732
v 5.076891 -4.906153 104.216309
v -54.210026 -33.255497 42.889641
v -39.061882 -1.670422 81.611046
v 31.279707 -13.844334 82.249725
v 40.806904 54.303841 74.993988
v 27.051361 -6.637248 92.610474
v 16.980755 64.957275 78.611771
v 16.664986 61.067032 75.586937
v 3.421701 17.558605 110.618416
v 0.970049 -7.927145 103.152573
v 0.779646 -7.482878 104.030373
v 48.973869 69.422638 71.415771
v -69.126030 11.480513 37.295902
v 66.125046 79.818779 36.115803
v -12.413982 25.333742 89.252640
v -26.687967 -23.074429 87.477501
v -33.919624 50.378616 72.243942
v 44.331779 -13.534860 71.404724
v 30.722925 -61.259979 60.616436
v 55.715439 -35.390259 47.623348
v 38.770386 -55.870262 58.799061
v -27.032703 48.171120 75.050499
v 28.392889 -44.427910 77.520363
v 25.768888 -49.754898 79.062943
v 13.861829 -31.447231 91.293854
v -34.263313 -18.888231 80.706001
v 25.438780 -18.292862 90.680878
v 10.040117 16.404270 98.536377
v 10.989849 14.924934 97.495926
v 35.200302 -29.129156 73.408470
v 37.930977 -27.106281 72.070709
v 12.183361 7.696114 102.378311
v 65.970726 73.774467 36.532131
v 66.223587 75.057518 35.994392
v -20.255816 -63.022923 64.941025
v 16.445503 -32.766602 88.154205
v 63.776417 67.218018 43.550762
v 36.921410 -55.180676 62.270603
v -15.658485 52.376148 74.538383
v 35.548534 -6.296896 79.865700
v -66.071335 -1.602595 37.476627
v -13.860391 -8.913568 98.860901
v 67.075577 59.814228 36.429943
v 7.539862 -69.558922 36.916176
v 43.256519 -6.298816 74.819221
v 60.161625 -17.277788 49.495903
v 61.110626 95.301712 43.083961
v -39.653362 -40.125061 64.057327
v -24.837639 55.689312 77.967232
v -19.673639 -53.010349 80.798721
v 16.267008 -65.969704 67.710243
v 20.199743 -25.169521 89.756165
v 52.801056 -13.742537 61.369465
v 14.067791 64.224594 81.039680
v 67.560471 24.926331 45.203594
v 18.234821 -10.473680 101.210182
v 65.951973 -11.484375 39.740841
v 65.559814 -5.269059 42.121567
v 26.250963 -68.836525 37.354603
v -13.032839 147.048279 53.102097
v -14.777422 144.413712 53.999474
v 56.983498 118.427040 36.884544
v -50.606693 3.721580 67.432320
v -20.503895 -67.136673 36.932228
v -4.855157 158.534134 37.077518
v -7.428813 158.203674 37.036438
v -2.609518 158.163223 38.544632
v 28.267344 -66.683228 40.935265
v -17.302116 -68.194466 37.911732
v -17.713947 -51.432400 83.409134
v -52.690414 -10.561934 57.018597
v -12.920968 21.760998 94.239410
v 11.480309 -67.357689 66.888756
v -2.388458 -8.144335 103.120926
v -52.698364 -28.018570 49.772316
v 57.033356 64.758614 61.999241
v 20.894932 -68.142670 42.528496
v 19.422848 -69.672607 37.700985
v -27.887463 -57.428791 63.498856
v -31.987083 -54.368599 62.184898
v 15.079099 -67.684052 61.356670
v -39.242851 -24.755507 71.253029
v -60.898159 -19.241247 38.320953
v 30.603004 -9.787027 84.472717
v -3.624024 132.698502 65.108688
v -12.791846 -68.298843 41.612259
v 38.611805 -31.475676 69.894371
v -43.087406 -43.620190 56.130630
v -5.085564 23.101833 107.783348
v -40.209229 77.099678 76.525642
v -50.798740 -4.692318 62.446911
v 33.625092 -65.002647 37.939610
v 0.963939 129.414886 67.730080
v 49.886169 66.034332 69.299950
v 24.896017 -33.643093 81.146965
v 51.057613 5.043619 73.051575
v 30.602531 -66.670784 38.093506
v -37.227036 53.972500 73.370522
v -38.866970 53.721687 72.571205
v 21.155777 -8.749763 99.099617
v 33.162300 -44.172131 72.858398
v 32.586948 -12.151383 80.811234
v -7.421717 25.006046 106.731529
v 36.013012 -45.865799 69.337029
v 23.357620 -54.422802 79.058350
v 0.406902 -68.497192 64.427879
v -9.769180 -48.756111 88.072449
v -8.298329 148.816589 52.897213
v 6.498400 -69.437927 37.708607
v -35.175755 -27.912432 75.357346
v 27.335560 -68.204231 37.906353
v 6.185192 10.040996 100.589592
v 45.839081 -39.866875 62.324825
v 22.880592 -32.281609 83.182167
v -26.509111 -42.335751 77.814430
v -45.516586 -31.568897 59.378777
v 53.350361 -23.048166 56.812489
v 33.553230 -3.217090 84.010185
v -43.808395 -46.136124 51.497673
v 42.218662 -9.846780 74.595375
v 14.233912 135.925873 61.717392
v 64.137108 57.986702 44.648678
v -11.300664 143.281265 55.917706
v 69.057739 16.765884 36.703503
v -20.251724 -64.402817 58.965706
v -11.268239 125.995438 68.155678
v -46.307163 65.512123 70.603455
v 19.115406 62.136574 75.098358
v 59.783997 60.185360 55.093693
v 58.148682 59.995316 57.468422
v 69.464882 20.517982 36.129642
v 68.991051 17.977222 37.312340
v -59.674522 2.760991 53.415714
v 9.843484 -69.042130 38.204086
v 12.122786 -69.475021 36.880070
v -61.957321 -16.777693 37.465229
v -55.909451 -32.921135 38.726303
v 61.085823 56.454895 51.985764
v -40.609707 50.490452 68.906136
v -5.434161 -69.779427 39.292328
v -4.020492 -68.946220 45.799610
v 42.885513 -52.776375 56.521755
v 64.497604 1.699226 47.853962
v 29.257734 -2.561288 88.499290
v 29.534124 -63.193329 57.471176
v -5.548576 14.250826 94.380852
v -8.235719 14.897111 92.530235
v -26.287790 -51.275578 73.029602
v 66.234634 66.785210 36.567539
v -5.579105 18.221153 94.707916
v 64.654762 -21.340240 37.894932
v 68.052979 9.565995 38.189960
v -8.540610 23.903162 104.298798
v 63.544556 -11.060646 45.056892
v 41.996212 -27.051947 68.470871
v 67.814087 17.637772 42.560093
v 36.815231 -62.955990 37.860435
v -49.660442 56.721119 63.359749
v 66.734131 -9.277841 37.433971
v 66.981575 -8.045191 36.848007
v 16.475422 -35.150375 86.567947
v 66.741463 6.948641 42.767433
v -41.122334 -28.997486 66.816216
v -5.214028 145.431015 55.490078
v 12.130804 -36.107254 91.119331
v 41.425716 -20.078711 72.412231
v 45.391834 -22.260063 66.414932
v -19.027079 -66.080498 45.897919
v 5.542451 151.775772 50.031418
v 67.475739 57.564281 36.263634
v 67.076782 58.695042 36.797733
v 20.821301 22.185472 83.916473
v -1.508006 12.236811 97.879211
v 14.227584 23.258280 112.228081
v -65.528748 -4.269636 36.869297
v -11.679008 -67.519920 60.210899
v 66.809738 -10.526627 36.890068
v -57.024036 5.495925 59.227478
v -45.327553 56.638882 66.564568
v 22.887745 26.146942 90.808784
v 41.245144 -50.941814 61.271076
v 23.088282 -64.588570 63.541752
v 23.320654 -66.069626 56.947506
v -8.966892 22.021156 96.932106
v -13.874613 31.376297 89.530998
v 53.763332 13.863393 72.465965
v 27.586287 -5.710126 90.457581
v 28.977041 -28.332575 80.925751
v -62.015656 -15.601714 38.282848
v 43.151909 71.314888 75.161766
v 43.306576 70.083893 74.690414
v 46.510990 49.912479 64.849777
v -8.677210 158.209442 36.279697
v 68.564392 13.207279 37.442890
v -54.923214 -0.603349 58.840073
v 3.414215 146.892166 54.553104
v -25.174469 -61.081444 59.957367
v 24.955631 -15.707427 95.410439
v 68.248695 11.980059 38.115181
v 68.325592 10.769226 37.480499
v 28.383596 -20.809387 85.203896
v 65.707970 18.749205 50.732716
v 11.485996 25.893534 114.988007
v -9.355280 -52.331947 87.441719
v -47.837940 62.637890 68.454185
v 8.843335 -68.478409 60.417526
v 31.595909 -31.989283 76.265831
v -38.501640 48.181602 70.609192
v 28.552513 -64.407555 54.480759
v 62.058456 1.911281 53.506851
v -59.890198 -22.480680 38.230057
v 69.886147 28.109938 35.406494
v 45.032726 49.139862 65.901978
v 19.994438 -67.141045 56.069828
v 55.300018 56.495251 59.471813
v 57.169323 -31.152515 47.605591
v 4.124708 -68.993942 61.370392
v 61.734764 103.858040 36.756824
v -1.185143 159.001572 36.716743
v 0.046896 159.268890 36.038601
v -12.646936 -67.954247 43.888783
v -39.702526 -43.320057 62.159760
v 66.041481 -14.319245 37.889751
v 23.979935 -66.325119 52.365833
v 50.555279 -1.803590 70.103096
v 66.190903 65.570976 36.972340
v 65.840309 2.022516 44.090179
v 65.859894 71.815971 36.703732
v -1.845915 149.831940 52.524754
v -44.767578 -39.225803 56.464970
v 60.369644 -21.976460 46.645660
v 20.639198 -67.281265 50.665565
v 53.361454 -8.461160 63.001270
v 45.771458 58.792038 69.984665
v 18.272449 2.015276 101.641129
v 65.852570 67.908424 37.582546
v 69.404121 21.769342 36.847393
v -48.831516 60.968414 66.506561
v -4.340777 21.905485 106.444603
v 13.018724 145.364792 54.253696
v 21.946737 126.371689 65.777245
v 9.792617 152.638962 47.869915
v -57.164017 -30.516180 37.697666
v -57.996140 -28.216162 38.011242
v -3.638831 158.875000 36.487949
v 67.600731 54.215847 37.071930
v 30.212559 -24.899628 81.352669
v 49.019421 -43.290325 56.261055
v 18.411669 35.968910 89.738884
v -25.112076 -64.607368 36.907841
v -27.608488 -60.412598 55.340965
v 56.203892 -16.852196 55.736828
v -58.869984 -25.734392 38.283665
v 63.091480 -18.312136 43.343552
v 47.433815 -48.373722 53.622757
v -56.543930 -31.804497 38.028690
v 1.145113 -4.811305 106.556221
v -0.242482 -6.414534 106.188545
v 69.461685 23.063995 36.452621
v 69.324203 24.299715 37.216484
v 15.805423 148.932220 50.100071
v 13.309786 -69.331551 37.749577
v 67.842407 5.856633 37.293877
v 65.987213 69.203682 36.775997
v 0.532619 -69.516205 40.697788
v 26.121969 -66.397781 46.254730
v -26.389456 -53.837337 70.754364
v 18.172789 23.995054 102.847961
v -5.016955 -68.246277 64.264503
v -6.739952 22.459997 94.401474
v -6.150623 22.840988 94.803947
v -28.191618 -62.652664 37.043625
v -14.843693 151.357101 47.245819
v 38.242271 -60.543030 42.499531
v 46.882366 -41.483028 60.569622
v 0.523071 19.202694 102.236725
v 0.041708 17.095333 101.154640
v 68.104851 8.325085 37.400757
v -27.160267 -63.069515 37.774323
v -26.155724 -63.762325 37.416553
v -32.032299 -56.478722 57.807331
v 12.024487 8.251287 100.899292
v 39.693527 -21.238655 73.448616
v 66.803108 -5.465443 38.178600
v 20.979279 27.696024 85.631538
v 37.917225 -62.600700 36.987919
v -23.023333 -65.732689 37.316105
v -21.847000 -66.134331 38.055820
v -6.100253 158.618683 36.390896
v -39.713413 -50.564468 53.706154
v -54.232723 -36.397972 38.567192
v 22.407309 -57.128605 77.668129
v -7.411540 -68.532730 56.038052
v 68.669289 31.750437 39.910469
v 67.567039 4.634175 38.036186
v 67.684349 3.387307 37.278633
v 5.223732 155.129913 44.794300
v 22.544844 25.166029 88.659760
v -20.527105 48.988739 75.174019
v 21.387754 -4.461097 96.473114
v 22.909718 -3.220563 96.289116
v 67.757530 7.096404 38.038815
v -64.412979 77.096001 37.094460
v -0.288102 -68.961082 45.468430
v -32.592251 64.602043 78.351387
v 44.370434 45.289509 66.580002
v 26.912184 -24.837221 84.427132
v 43.743137 -47.394505 60.857391
v 67.454086 56.593098 36.978718
v 6.739179 9.168344 101.807304
v 30.370478 -65.504990 41.500961
v 34.450340 -62.849396 43.028629
v 5.848356 158.840210 36.701168
v -31.549509 53.328854 73.884392
v -33.392811 54.414509 73.562080
v -34.535477 53.216740 71.783897
v 13.984869 -68.570190 41.932877
v 15.182768 151.970551 47.076332
v -36.369621 -52.012695 58.468693
v -21.753786 77.947891 83.916824
v -31.232916 50.675411 73.590698
v -30.256329 51.395386 74.089645
v -34.043930 -50.129246 64.698807
v -13.891853 57.203979 74.419731
v -11.914493 20.212809 94.235016
v 67.713074 55.431168 36.264824
v -63.697098 -10.759316 37.356018
v -23.861441 -64.261780 41.721046
v 67.189438 -4.178366 37.319637
v -2.385749 159.157028 35.972466
v 15.679744 -67.941376 55.523022
v 21.515123 26.369574 86.359512
v 19.777861 -67.784737 47.443504
v 22.498262 23.566917 89.630135
v 61.965874 -28.659979 37.970936
v 48.249485 -11.841042 67.868225
v 13.443080 21.091948 110.850441
v -4.649348 15.454398 95.401817
v 54.015194 62.653248 64.231285
v -9.248280 131.496338 65.280357
v 8.797276 11.024783 98.254112
v 19.673197 71.521423 84.285118
v 18.662420 72.252640 84.850143
v 11.121380 158.032852 37.325191
v -1.868696 -68.812416 59.393398
v 2.429646 159.231598 35.971920
v 10.928711 -68.555969 51.210484
v 25.091000 -3.747894 94.238693
v -55.015602 -35.185844 38.071991
v -55.582329 -34.131805 37.856815
v 67.751923 0.855168 36.694202
v 49.250275 58.096134 65.997787
v 62.204651 -25.527596 40.887802
v -24.102711 -64.929115 37.861008
v -11.608727 -67.799095 51.706100
v 67.105080 -1.708489 38.262333
v 22.304537 23.483673 92.437653
v -19.539568 56.799900 77.134888
v -9.199253 23.058180 100.888733
v 27.554453 -16.025999 89.413727
v -14.710093 24.000765 88.927925
v 7.835612 16.518269 107.553757
v -1.939781 -5.926538 106.991531
v 7.388993 158.556793 37.188320
v 15.282016 157.190613 37.310337
v 16.338312 157.279877 36.378613
v 14.049286 157.740967 36.754734
v 64.468475 -22.475508 36.972160
v 37.518684 45.754013 71.834068
v -57.827354 -29.341038 37.136250
v 14.641663 -69.502235 37.500675
v -12.460118 54.777218 74.648979
v 56.876186 -36.264454 42.807892
v -34.755547 -57.703133 37.453350
v 1.407802 158.986801 36.706097
v -1.616778 16.838438 98.149063
v 55.683456 62.668839 62.305222
v 1.293997 -69.225937 56.699066
v 42.080544 -58.516766 38.362652
v 15.431226 -6.028141 98.782326
v 14.073971 -5.822145 100.593948
v 4.032865 159.004868 36.509918
v -31.534124 48.174049 73.845978
v 67.466743 2.102191 37.967251
v 11.146342 18.745232 110.626694
v -18.629467 -65.975471 49.834297
v 6.318820 12.893426 99.858307
v -22.716190 -64.078484 50.769844
v 40.785351 -58.441944 43.638950
v -58.684792 -26.939196 37.406139
v 65.080658 -20.019258 37.393055
v 44.132862 55.089741 71.405518
v -5.191864 -68.698647 51.728371
v 46.005714 50.425735 66.192055
v 4.601836 -68.817947 48.701843
v 66.084114 -15.681263 37.027935
v -52.056103 -39.927727 38.598358
v -53.844707 -37.616322 37.558811
v -30.258396 -59.252323 51.721272
v -59.489494 -24.310995 37.830288
v -44.127811 -48.361927 45.295929
v 51.933514 -44.507786 45.552696
v 67.242577 -2.966654 37.605522
v 19.520718 -6.346426 97.599289
v -29.852261 -60.846046 41.212124
v -30.299026 -60.972260 38.289745
v 5.841320 -68.786072 55.464924
v -37.513706 -53.895657 51.169987
v 63.210701 -25.138494 38.274338
v 8.186618 16.327190 101.946632
v 52.538555 66.813759 67.177704
v 51.987583 65.096252 67.238228
v -60.662121 -20.662012 37.594669
v 43.026356 -57.919731 37.269032
v 14.440394 74.070602 85.754181
v -33.562115 -58.700623 36.980686
v 7.053944 -3.066348 103.571564
v -32.486206 -59.363281 37.975231
v -31.385445 -60.328217 37.351559
v 57.179008 63.042435 60.310432
v -62.747517 100.221764 37.238956
v -5.856410 20.553625 94.373192
v -36.938797 -55.005280 47.640697
v -34.495007 -57.168671 44.673584
v 65.598297 -18.337450 37.042011
v 43.411980 49.089214 68.036804
v 1.297098 18.659565 104.708939
v 31.398724 50.733379 73.053131
v 28.063972 52.269676 73.105965
v 35.789005 -61.462418 49.823196
v 66.500893 -11.761897 37.721500
v 66.527344 -13.028716 37.036053
v -27.032385 -55.459213 68.107414
v 8.564069 9.684077 99.406914
v -50.384850 -42.527588 38.208115
v 15.406972 22.880383 108.391899
v 62.895767 -26.665739 37.476574
v -11.711553 19.706635 91.220413
v 42.937206 53.478855 71.751015
v 58.460613 -35.107647 38.954765
v 59.425247 -33.660774 38.196465
v 9.158039 158.695587 36.412880
v 51.490696 -42.338474 51.664902
v -37.704697 -55.385101 38.713150
v -39.797760 -53.634087 38.771076
v -38.808708 -54.568184 38.002670
v -0.976408 -7.583221 104.852539
v 61.423038 102.903389 37.836205
v 54.962669 71.483704 65.628654
v 29.518101 71.873062 79.267555
v 21.214310 23.929840 84.805237
v -40.717415 -52.886642 38.467896
v 44.998150 -52.032410 53.316601
v 47.363251 -50.628922 48.286552
v 44.803329 -54.755352 42.243477
v -13.531620 26.493969 88.833977
v 13.180999 155.855820 41.363476
v -47.578930 -46.045460 37.971016
v -41.957558 -51.756866 38.241936
v -43.674118 -50.182964 38.724907
v 55.144028 69.705879 65.277504
v 44.183945 -56.786247 36.688080
v 18.091621 156.305389 37.313969
v 11.333797 -6.098479 102.695602
v 37.886284 52.987030 74.671318
v -31.675819 54.326508 76.358116
v -48.594612 -44.986656 37.430618
v -51.463245 -41.142262 37.581375
v -49.804619 -43.640064 37.090904
v -1.579126 19.340162 98.860336
v 60.563286 -31.707815 37.669559
v 42.633678 -55.084778 52.608982
v -44.479950 71.245865 73.305313
v -46.640663 -47.310425 36.958473
v 32.766941 55.702007 76.978783
v 61.553326 -30.127283 36.864788
v -36.380699 -56.562702 37.901955
v -14.298515 74.670395 85.772415
v 57.462273 68.516113 61.407715
v 56.526993 -37.922192 39.129780
v 60.183094 -32.826157 36.549370
v 12.647860 157.617981 37.714085
v -1.930573 21.002785 100.299088
v 21.638588 26.468513 84.919426
v 12.573298 17.257360 97.024963
v 28.706638 56.609577 77.260155
v 5.683740 10.843236 100.877914
v 41.441837 77.706871 76.676506
v 54.267944 -41.579376 38.249027
v 45.088509 -55.413994 37.624695
v 46.321396 -53.911163 37.023949
v 20.309956 20.965322 87.076729
v 48.443588 -50.502796 37.627159
v 47.160366 -52.330185 38.378525
v 9.876209 17.486853 100.191284
v 52.695858 -43.846226 38.643055
v 42.641674 75.016579 76.480690
v 43.040512 76.271820 76.348488
v -3.420738 18.482056 96.425461
v 51.512390 -45.733292 37.627304
v 55.398651 -40.034958 37.279572
v 11.436571 19.118427 104.738907
v 19.920280 54.319981 72.578407
v 37.053635 54.459332 76.181633
v 19.837551 74.958168 85.277184
v 57.504074 -36.858459 37.508076
v 29.243807 54.727718 76.829964
v 49.954109 -48.347359 37.329151
v -21.803755 52.249023 74.540199
